0 2260 139432 15680 279756 12574 2389 1031 70 55219 622 12953 4617 114954 21710 636 181435 195 20698 87189 36823 1538 7681 30299 12285 496 68920 1147 1376 44 109853 10261 1036 41274 26 12257 18048 77 18818 39965 24213 24074 13271 7320 80159 12334 195709 30219 23758 34743 100182 5014 948 63502 6210 76221 195 8289 30903 221 1073 60159 8 21498 2220 12862 6869 150 22637 9222 2491 3865 3452 15496 377 5089 9741 134108 34027 111240 9751 123927 14036 226093 34694
2260 0 2464 289 2868 231 46 15 0 1011 8 271 53 1702 392 22 2732 6 304 1266 522 18 110 381 118 6 964 23 9 1 1832 189 23 989 1 246 233 1 221 615 369 431 242 147 1770 296 2472 328 609 697 1926 84 33 1162 138 859 4 102 458 10 38 1287 1 540 43 276 154 2 337 110 41 59 129 240 10 87 133 1776 498 2173 176 1777 227 2798 849
139432 2464 0 13838 201036 11340 1519 427 61 45096 368 10922 2192 89030 20147 605 149442 198 19570 68504 28551 700 6337 21696 4877 235 47267 869 494 24 97716 8432 794 43975 24 8634 13271 6 13074 28475 18799 18984 9541 5190 77078 10135 141277 22376 23460 33054 100307 3705 660 51406 5901 44066 130 6283 23832 205 1078 54333 8 20385 1708 10793 5973 52 18074 7904 1795 2436 3490 10680 283 3473 6720 103721 24326 113265 7521 96788 11066 169860 33532
15680 289 13838 0 23526 1427 200 90 4 5563 105 1490 611 10883 2620 78 21240 22 2767 12707 4504 153 1018 3223 1361 45 6324 135 138 9 11136 884 223 4056 3 831 1999 11 2105 5094 3320 1709 1503 1035 6861 808 17607 3905 2577 3666 10019 517 59 8358 744 4513 38 601 7689 29 119 6085 2 1994 205 1444 715 52 2781 1023 339 561 406 1556 82 785 994 15124 4655 10884 1459 14587 1319 24246 3137
279756 2868 201036 23526 0 16976 3585 1688 86 78376 1064 18221 6997 144048 30517 1070 260109 361 31913 124006 51105 2389 11739 46321 19207 664 95604 1698 1793 124 165373 14419 1488 57787 30 13418 26300 146 26507 58865 35306 30500 20870 9680 101342 15918 296135 45704 34560 49776 138250 7433 1405 92603 8637 80583 316 10455 47100 295 1598 84225 9 27668 3383 18586 9742 215 32194 12456 3860 5238 5051 21503 498 7953 12689 200792 52969 157954 15548 179263 19604 336940 46541
12574 231 11340 1427 16976 0 98 37 7 6506 34 1108 192 10324 1762 29 18189 51 4465 6948 2148 58 421 1646 601 23 5735 135 47 3 8374 1094 227 6058 3 645 1491 1 1407 3019 3793 1383 777 696 6632 825 16356 2294 3179 3432 14616 415 40 8556 853 3863 12 869 2709 17 369 7879 1 2268 97 1856 731 3 2376 557 146 410 760 1631 49 242 478 9022 2418 11296 709 9195 1161 17572 3329
2389 46 1519 200 3585 98 0 158 0 1426 33 562 682 1544 303 1662 5151 73 310 4348 996 262 377 1966 2458 68 2306 26 295 10 3130 276 7 307 0 100 454 18 310 1945 825 158 849 288 1124 136 4656 1025 527 763 1905 151 16 1689 212 324 54 85 1464 1 25 663 0 255 5317 286 258 2 768 78 163 347 14 583 9 427 274 3910 2984 2005 512 5574 164 3775 180
1031 15 427 90 1688 37 158 0 0 803 32 317 274 674 178 71 2103 23 201 1157 329 302 150 792 810 93 918 7 130 3 1375 159 3 120 2 47 228 8 198 843 478 66 2291 153 413 109 2095 503 210 530 729 151 9 964 98 202 18 35 628 1 14 381 1 123 152 187 170 5 348 23 202 100 9 343 2 177 94 1757 2996 929 679 2011 116 2085 88
70 0 61 4 86 7 0 0 0 16 1 3 0 48 2 0 59 0 3 27 10 0 0 3 7 0 10 0 1 0 19 1 0 8 0 5 4 0 6 7 10 7 5 3 45 5 82 4 9 13 52 0 0 25 3 28 0 6 21 0 0 28 0 9 0 5 2 0 6 6 2 1 1 6 0 1 0 40 6 55 4 53 4 84 13
55219 1011 45096 5563 78376 6506 1426 803 16 0 484 7018 2509 38169 8439 567 85918 192 9150 36035 14168 841 2713 14087 6599 353 41013 550 694 44 54625 11838 496 22355 15 3137 9130 48 10230 18846 12326 6407 7867 3700 30346 3672 89331 14332 10533 22866 46446 3066 269 33926 4181 16271 225 2429 13970 84 713 28540 7 7976 1475 7257 5654 46 10906 3144 1420 1892 1842 17899 137 2233 3505 64015 19081 40718 5212 48606 4213 82175 11873
622 8 368 105 1064 34 33 32 1 484 0 213 295 458 106 24 1326 4 111 1028 361 82 54 311 533 23 509 17 44 7 635 72 3 92 0 47 160 8 137 533 233 46 227 59 221 49 1322 419 91 195 317 83 2 571 45 137 33 9 506 0 6 281 0 68 22 79 65 7 255 45 42 68 9 125 1 145 83 1209 646 456 169 946 33 1126 120
12953 271 10922 1490 18221 1108 562 317 3 7018 213 0 871 9082 2792 169 19186 114 2027 9578 3545 492 804 4122 2653 165 6841 86 313 28 13450 1435 95 4591 0 986 2118 16 1737 5100 3409 1595 2541 959 7732 903 15761 3037 3081 5372 11307 612 144 8829 1041 3332 76 608 3842 17 148 5964 0 2122 667 1833 1219 15 2970 863 503 507 311 1958 36 711 1011 14984 7197 12340 1844 13089 979 18918 3027
4617 53 2192 611 6997 192 682 274 0 2509 295 871 0 2407 436 198 8114 44 622 7106 6091 408 810 2663 4413 116 4145 47 355 26 3707 455 17 470 2 261 876 11 700 2875 1310 357 1442 484 1652 273 8025 1778 611 1048 2020 366 13 2526 309 846 101 136 2609 7 33 1029 1 252 403 431 358 27 1243 211 391 629 42 1042 28 868 642 6142 4399 2717 1142 7892 283 7707 328
114954 1702 89030 10883 144048 10324 1544 674 48 38169 458 9082 2407 0 18409 511 118152 164 16850 54961 20606 846 4344 17329 5910 384 39408 670 652 26 72377 7985 760 38549 29 6478 11563 62 11402 24088 17432 13354 8234 4347 52191 7059 114822 17925 21688 26402 89109 3005 526 46283 5155 33774 137 4882 19331 135 827 50614 5 17868 1736 9893 5260 58 14804 6019 1583 2046 2633 10220 221 2694 5437 82741 20888 81366 6463 72844 8659 134753 29257
21710 392 20147 2620 30517 1762 303 178 2 8439 106 2792 436 18409 0 120 26524 41 3878 11536 4911 233 828 3784 1093 138 7281 125 126 6 16061 2754 171 10396 14 1470 1982 4 2611 5512 4675 3081 2324 1071 12684 1747 22587 3684 5356 8896 23129 764 176 13372 1756 6948 24 1063 4243 20 202 11994 1 4886 365 4398 1764 10 3584 2060 477 343 539 2950 65 582 1530 17775 5845 18412 1885 15354 1554 29991 6875
636 22 605 78 1070 29 1662 71 0 567 24 169 198 511 120 0 1784 26 110 1138 263 79 97 513 553 29 715 12 108 4 1233 115 1 99 0 28 136 7 93 772 236 51 370 152 460 35 1388 321 232 317 648 67 1 599 76 82 28 24 431 0 13 209 0 97 2065 88 97 3 305 13 54 62 7 235 3 118 77 1192 1022 723 171 1797 83 1081 64
181435 2732 149442 21240 260109 18189 5151 2103 59 85918 1326 19186 8114 118152 26524 1784 0 419 30058 127105 43214 2839 10144 41863 23334 1065 93658 1597 2138 151 145130 14833 1632 53188 49 9018 31045 130 24365 55111 39615 20107 20937 10378 82176 11282 251338 43714 32891 48120 131364 7356 768 108397 9639 52511 490 7499 51738 256 1704 67009 9 22814 5267 18288 10214 173 35517 9555 4191 5560 4516 21808 434 8034 9843 190835 54117 143222 15082 152940 15672 280977 37635
195 6 198 22 361 51 73 23 0 192 4 114 44 164 41 26 419 0 121 238 52 17 10 94 93 5 168 2 9 0 396 52 2 75 0 13 65 0 25 184 110 25 85 35 120 13 374 92 71 172 298 19 0 167 30 31 5 22 93 0 6 163 0 40 40 70 50 0 126 6 13 16 5 64 2 23 12 317 190 231 43 256 29 278 16
20698 304 19570 2767 31913 4465 310 201 3 9150 111 2027 622 16850 3878 110 30058 121 0 12091 3763 222 900 3425 1687 130 9133 206 138 11 16170 1655 218 8758 8 1162 2836 13 2280 5411 4639 2228 1991 1122 11458 1296 25722 4278 5219 6351 20493 779 102 12149 1492 5178 60 1251 5243 15 424 10788 1 3962 323 3076 1288 15 4523 1001 411 529 1223 2485 100 595 843 16727 5371 19621 1430 16937 1940 31186 5417
87189 1266 68504 12707 124006 6948 4348 1157 27 36035 1028 9578 7106 54961 11536 1138 127105 238 12091 0 30986 1684 7112 23444 16405 568 43698 911 1611 114 62028 5869 804 20460 17 4373 13306 64 11604 32191 17897 8228 11261 6304 37211 5003 107439 21930 12611 21266 54636 4016 345 43951 4206 22073 316 3254 30723 144 792 29795 6 8398 3251 8543 4788 112 16968 4520 2457 4293 1950 9893 228 5974 5965 90694 30313 59878 8750 90327 7630 124375 14192
36823 522 28551 4504 51105 2148 996 329 10 14168 361 3545 6091 20606 4911 263 43214 52 3763 30986 0 458 3662 10335 5626 165 19579 301 555 37 23364 2758 199 8822 10 2222 3890 34 4614 10055 5379 4048 3766 1856 16094 1995 41700 8085 5227 9099 19104 1245 178 14258 1630 10425 99 1148 8447 67 225 11328 4 3918 804 2671 1873 21 5207 2349 899 1605 761 3947 86 2240 3652 30903 11670 21011 3593 38755 2349 52506 6788
1538 18 700 153 2389 58 262 302 0 841 82 492 408 846 233 79 2839 17 222 1684 458 0 211 1111 1147 74 1217 10 208 10 1833 137 6 140 1 58 285 1 268 1120 630 102 1307 182 629 127 2732 603 307 583 967 125 11 1269 140 293 32 50 886 1 5 522 0 141 276 213 217 6 486 34 478 125 11 372 2 279 154 2417 3571 1191 1121 2587 110 2783 132
7681 110 6337 1018 11739 421 377 150 0 2713 54 804 810 4344 828 97 10144 10 900 7112 3662 211 0 7094 2341 45 5703 61 344 17 5957 435 31 1521 3 426 1069 9 830 2868 1213 601 1104 695 3494 375 10272 2238 982 1696 3726 254 20 2749 373 1638 32 177 2163 11 54 1840 1 709 261 492 418 11 1310 412 275 402 152 844 15 1417 813 7116 3657 3978 873 12608 632 12868 1192
30299 381 21696 3223 46321 1646 1966 792 3 14087 311 4122 2663 17329 3784 513 41863 94 3425 23444 10335 1111 7094 0 7345 253 27495 242 882 49 27657 2331 105 6582 9 1562 4798 38 4313 10821 5680 2547 6143 1745 12636 1655 45207 8645 4409 8550 17167 1328 104 14293 1671 7060 162 789 8961 41 193 8733 0 2775 1824 2597 1930 49 6052 1331 1218 1283 498 4987 55 2946 2974 35030 17009 18942 4193 37984 1999 47330 4429
12285 118 4877 1361 19207 601 2458 810 7 6599 533 2653 4413 5910 1093 553 23334 93 1687 16405 5626 1147 2341 7345 0 353 11138 69 1123 93 11106 1058 45 1155 1 465 2640 22 1711 7527 3850 648 4674 1397 3961 586 22338 5068 1858 3087 6099 843 43 7020 808 1910 224 315 7012 13 85 3087 2 749 1400 1169 1087 46 3355 278 880 2801 131 2464 33 2771 1012 16985 14010 7917 2700 26550 738 20215 771
496 6 235 45 664 23 68 93 0 353 23 165 116 384 138 29 1065 5 130 568 165 74 45 253 353 0 362 5 97 1 662 100 0 109 11 26 107 0 81 309 221 43 358 67 284 42 730 208 143 269 503 45 3 499 70 72 6 20 213 0 8 226 0 90 82 97 113 1 171 21 71 37 3 181 0 87 39 633 841 520 202 847 40 882 70
68920 964 47267 6324 95604 5735 2306 918 10 41013 509 6841 4145 39408 7281 715 93658 168 9133 43698 19579 1217 5703 27495 11138 362 0 655 1229 61 53132 7097 418 19641 16 3367 9501 49 8637 19983 11022 6125 7994 3651 32116 3532 109941 16178 11080 16941 44399 2606 215 30661 3692 17985 279 2285 14143 89 648 25101 1 7017 1874 6011 4101 53 10798 2761 1519 2593 1601 13751 141 4281 5647 63555 21573 42149 5459 65253 4628 100245 11163
1147 23 869 135 1698 135 26 7 0 550 17 86 47 670 125 12 1597 2 206 911 301 10 61 242 69 5 655 0 6 5 720 75 9 189 0 67 242 1 186 423 166 175 101 92 521 93 1738 335 167 225 642 55 3 591 35 347 3 86 376 2 12 420 0 79 41 78 38 0 173 47 27 66 37 151 32 79 82 1100 286 880 60 1011 129 1650 178
1376 9 494 138 1793 47 295 130 1 694 44 313 355 652 126 108 2138 9 138 1611 555 208 344 882 1123 97 1229 6 0 4 1299 131 1 111 2 57 252 1 193 908 444 85 747 140 532 80 2090 480 169 460 623 69 20 693 88 224 16 38 463 1 3 315 0 63 226 129 133 5 308 38 112 151 8 370 0 277 126 1602 2360 933 446 2724 96 1999 73
44 1 24 9 124 3 10 3 0 44 7 28 26 26 6 4 151 0 11 114 37 10 17 49 93 1 61 5 4 0 75 4 0 6 0 1 11 0 15 64 25 4 17 5 18 4 105 38 12 15 54 7 0 46 4 14 2 0 78 0 0 26 0 4 6 10 4 0 21 4 5 10 1 14 0 8 1 120 66 34 20 100 4 86 5
109853 1832 97716 11136 165373 8374 3130 1375 19 54625 635 13450 3707 72377 16061 1233 145130 396 16170 62028 23364 1833 5957 27657 11106 662 53132 720 1299 75 0 11231 640 31971 23 6218 16384 69 13233 31191 20673 11509 13301 5322 52163 6804 154313 25908 22519 31850 83011 4901 564 52526 5865 30147 309 3619 25255 134 936 44489 3 15047 3672 10724 6655 91 22861 5378 2499 2462 2602 15038 177 4221 5696 117246 34363 83632 9353 92496 8630 159897 26537
10261 189 8432 884 14419 1094 276 159 1 11838 72 1435 455 7985 2754 115 14833 52 1655 5869 2758 137 435 2331 1058 100 7097 75 131 4 11231 0 60 5224 4 608 1355 4 1814 3203 2631 1287 1499 686 6570 797 15656 1928 2479 7426 10945 709 49 6789 1173 3168 44 542 1925 21 139 6317 0 2257 250 1740 2004 5 1972 1074 299 287 273 10217 23 314 724 9448 3357 7995 943 7963 720 14394 3275
1036 23 794 223 1488 227 7 3 0 496 3 95 17 760 171 1 1632 2 218 804 199 6 31 105 45 0 418 9 1 0 640 60 0 303 0 48 170 0 160 377 407 119 74 114 430 52 1351 204 193 292 766 54 2 762 49 291 2 57 543 2 9 512 0 120 2 160 52 1 199 46 19 32 47 135 2 32 42 1038 243 866 77 823 86 1502 173
41274 989 43975 4056 57787 6058 307 120 8 22355 92 4591 470 38549 10396 99 53188 75 8758 20460 8822 140 1521 6582 1155 109 19641 189 111 6 31971 5224 303 0 16 2884 4035 12 4411 9332 8167 5630 2978 1700 36765 3137 46591 6106 11274 18031 69987 1049 231 25510 4525 12872 32 2108 6558 73 751 28080 4 9100 406 6090 3521 19 5805 2645 623 779 1842 6173 56 776 2265 32833 7817 40822 2542 30321 2928 53447 14807
26 1 24 3 30 3 0 2 0 15 0 0 2 29 14 0 49 0 8 17 10 1 3 9 1 11 16 0 2 0 23 4 0 16 0 0 1 0 3 13 9 1 15 10 21 4 31 8 9 24 27 2 0 18 7 4 0 1 6 0 0 13 0 7 0 0 3 0 6 4 4 0 1 7 0 1 3 25 37 28 6 49 2 54 10
12257 246 8634 831 13418 645 100 47 5 3137 47 986 261 6478 1470 28 9018 13 1162 4373 2222 58 426 1562 465 26 3367 67 57 1 6218 608 48 2884 0 0 826 0 953 2326 1244 2448 735 443 5979 1195 9126 1599 1774 2475 6285 243 138 3436 455 4128 10 915 1530 14 65 3583 1 1386 104 759 482 2 1106 592 150 207 253 825 20 239 645 6571 1933 7539 694 7218 887 11836 2148
18048 233 13271 1999 26300 1491 454 228 4 9130 160 2118 876 11563 1982 136 31045 65 2836 13306 3890 285 1069 4798 2640 107 9501 242 252 11 16384 1355 170 4035 1 826 0 38 2749 6422 3636 1941 2234 997 6541 1187 26934 4793 3073 3894 10834 795 91 9403 734 5349 67 518 5350 16 206 6397 2 1725 368 1933 933 60 4358 778 488 617 509 2111 25 990 1001 26156 5365 13491 1599 14059 1377 26741 3247
77 1 6 11 146 1 18 8 0 48 8 16 11 62 4 7 130 0 13 64 34 1 9 38 22 0 49 1 1 0 69 4 0 12 0 0 38 0 7 58 21 3 22 3 18 9 146 30 2 16 11 10 0 77 0 9 0 0 29 0 2 3 0 3 18 14 4 2 40 0 1 5 0 12 2 19 5 127 41 49 13 117 7 128 0
18818 221 13074 2105 26507 1407 310 198 6 10230 137 1737 700 11402 2611 93 24365 25 2280 11604 4614 268 830 4313 1711 81 8637 186 193 15 13233 1814 160 4411 3 953 2749 7 0 5852 4329 2132 2109 989 6823 1141 24734 5444 2512 4949 10130 936 65 9696 864 5501 46 693 4868 21 124 6308 2 1878 301 1994 1053 7 2959 1121 449 466 325 2914 31 712 1337 24701 5216 11865 1742 13686 1389 27780 3066
39965 615 28475 5094 58865 3019 1945 843 7 18846 533 5100 2875 24088 5512 772 55111 184 5411 32191 10055 1120 2868 10821 7527 309 19983 423 908 64 31191 3203 377 9332 13 2326 6422 58 5852 0 8785 4705 6945 6432 17359 2765 59415 9949 6059 10789 23975 2196 232 21342 1958 11468 211 1848 13508 68 350 14240 3 4073 1482 4600 2516 81 7794 2162 1317 2229 891 5838 98 2990 2735 42774 17271 27373 4900 42740 3817 62295 6420
24213 369 18799 3320 35306 3793 825 478 10 12326 233 3409 1310 17432 4675 236 39615 110 4639 17897 5379 630 1213 5680 3850 221 11022 166 444 25 20673 2631 407 8167 9 1244 3636 21 4329 8785 0 2798 3795 1655 10998 1645 31805 6071 5562 8801 21781 1355 108 25929 1878 6659 99 1054 8737 32 269 11318 2 4196 808 3399 2097 31 6021 1431 819 825 641 3879 41 1059 1364 26333 9754 20601 2822 20824 1967 35363 6306
24074 431 18984 1709 30500 1383 158 66 7 6407 46 1595 357 13354 3081 51 20107 25 2228 8228 4048 102 601 2547 648 43 6125 175 85 4 11509 1287 119 5630 1 2448 1941 3 2132 4705 2798 0 1471 798 9750 3450 22435 3312 3185 4461 11606 605 329 7641 694 12483 27 1982 3189 45 137 7940 0 3013 134 1632 820 3 2236 1268 266 371 365 1688 44 457 1190 14075 3660 15232 1197 12275 2181 25975 5279
13271 242 9541 1503 20870 777 849 2291 5 7867 227 2541 1442 8234 2324 370 20937 85 1991 11261 3766 1307 1104 6143 4674 358 7994 101 747 17 13301 1499 74 2978 15 735 2234 22 2109 6945 3795 1471 0 1207 6250 976 20752 4085 2221 5788 8403 1005 125 8600 904 3425 101 573 5150 42 110 4894 1 1563 892 1837 1371 28 3148 833 1396 662 194 2597 23 1098 1083 16758 19323 10149 5150 20556 1160 21983 2140
7320 147 5190 1035 9680 696 288 153 3 3700 59 959 484 4347 1071 152 10378 35 1122 6304 1856 182 695 1745 1397 67 3651 92 140 5 5322 686 114 1700 10 443 997 3 989 6432 1655 798 1207 0 3293 450 9725 1705 1075 2431 4778 398 27 4016 510 1859 31 404 2399 15 79 2471 0 772 235 836 568 11 1395 412 221 522 169 1263 39 658 574 6774 3112 5387 885 9099 712 10760 1085
80159 1770 77078 6861 101342 6632 1124 413 45 30346 221 7732 1652 52191 12684 460 82176 120 11458 37211 16094 629 3494 12636 3961 284 32116 521 532 18 52163 6570 430 36765 21 5979 6541 18 6823 17359 10998 9750 6250 3293 0 5088 73756 12185 13448 22160 69403 1842 380 32763 5050 22874 84 4002 11953 163 783 35327 2 11873 1332 7282 4547 25 9534 4367 1127 1602 2275 9025 158 2387 4897 53170 17210 62381 4731 59514 5592 90375 20794
12334 296 10135 808 15918 825 136 109 5 3672 49 903 273 7059 1747 35 11282 13 1296 5003 1995 127 375 1655 586 42 3532 93 80 4 6804 797 52 3137 4 1195 1187 9 1141 2765 1645 3450 976 450 5088 0 12349 1882 1899 2664 7394 374 222 4580 407 5849 9 957 1804 12 85 4499 0 1591 129 1066 549 5 1413 542 182 229 240 1093 19 348 557 8211 2364 8799 720 6556 1300 14543 2550
195709 2472 141277 17607 296135 16356 4656 2095 82 89331 1322 15761 8025 114822 22587 1388 251338 374 25722 107439 41700 2732 10272 45207 22338 730 109941 1738 2090 105 154313 15656 1351 46591 31 9126 26934 146 24734 59415 31805 22435 20752 9725 73756 12349 0 41118 27207 43224 111463 7150 763 87450 7399 59144 510 7596 44506 242 1551 65374 9 19565 3896 17333 9298 193 29731 9038 3823 5666 4248 25382 421 8491 11526 191953 50810 122606 13912 150372 16679 307443 33253
30219 328 22376 3905 45704 2294 1025 503 4 14332 419 3037 1778 17925 3684 321 43714 92 4278 21930 8085 603 2238 8645 5068 208 16178 335 480 38 25908 1928 204 6106 8 1599 4793 30 5444 9949 6071 3312 4085 1705 12185 1882 41118 0 4152 6470 16519 1484 101 15475 1256 8795 114 1046 9418 38 234 9518 1 2990 976 2585 1433 42 6460 1413 713 987 573 3340 53 1760 1849 34056 10472 19344 2817 27437 2399 47409 4788
23758 609 23460 2577 34560 3179 527 210 9 10533 91 3081 611 21688 5356 232 32891 71 5219 12611 5227 307 982 4409 1858 143 11080 167 169 12 22519 2479 193 11274 9 1774 3073 2 2512 6059 5562 3185 2221 1075 13448 1899 27207 4152 0 8384 30340 722 180 14830 1676 7204 82 1293 4844 35 301 14359 4 6162 583 3172 1665 8 4737 1329 478 559 934 2764 40 748 1268 20518 6090 26707 1825 18190 2234 31507 10552
34743 697 33054 3666 49776 3432 763 530 13 22866 195 5372 1048 26402 8896 317 48120 172 6351 21266 9099 583 1696 8550 3087 269 16941 225 460 15 31850 7426 292 18031 24 2475 3894 16 4949 10789 8801 4461 5788 2431 22160 2664 43224 6470 8384 0 34510 1788 293 21847 4829 9947 105 1882 7161 56 421 18438 3 6516 960 5502 5759 18 6373 2965 1051 965 1230 8889 52 1228 2698 32520 12965 29953 3970 31939 2882 47596 9815
100182 1926 100307 10019 138250 14616 1905 729 52 46446 317 11307 2020 89109 23129 648 131364 298 20493 54636 19104 967 3726 17167 6099 503 44399 642 623 54 83011 10945 766 69987 27 6285 10834 11 10130 23975 21781 11606 8403 4778 69403 7394 111463 16519 30340 34510 0 2886 451 55553 8307 28852 234 4737 18408 150 1546 67160 5 22109 2223 13516 7335 26 17243 5609 1707 2088 3831 13826 150 2484 4766 81729 22578 107431 6398 72821 7310 128326 35563
5014 84 3705 517 7433 415 151 151 0 3066 83 612 366 3005 764 67 7356 19 779 4016 1245 125 254 1328 843 45 2606 55 69 7 4901 709 54 1049 2 243 795 10 936 2196 1355 605 1005 398 1842 374 7150 1484 722 1788 2886 0 35 3586 270 1457 37 198 1832 5 39 1903 1 591 162 675 397 5 1505 348 176 149 96 900 9 257 331 6111 1981 3161 665 4065 456 7434 913
948 33 660 59 1405 40 16 9 0 269 2 144 13 526 176 1 768 0 102 345 178 11 20 104 43 3 215 3 20 0 564 49 2 231 0 138 91 0 65 232 108 329 125 27 380 222 763 101 180 293 451 35 0 274 24 390 1 225 109 1 6 323 0 190 8 75 46 1 71 67 17 10 13 86 2 20 40 634 211 797 66 738 162 971 209
63502 1162 51406 8358 92603 8556 1689 964 25 33926 571 8829 2526 46283 13372 599 108397 167 12149 43951 14258 1269 2749 14293 7020 499 30661 591 693 46 52526 6789 762 25510 18 3436 9403 77 9696 21342 25929 7641 8600 4016 32763 4580 87450 15475 14830 21847 55553 3586 274 0 4292 18877 196 2694 21272 102 692 28356 3 9390 2060 9917 4743 61 14226 3539 1922 1813 1726 9296 185 2518 3425 70491 22194 53431 6360 51228 5194 95701 16174
6210 138 5901 744 8637 853 212 98 3 4181 45 1041 309 5155 1756 76 9639 30 1492 4206 1630 140 373 1671 808 70 3692 35 88 4 5865 1173 49 4525 7 455 734 0 864 1958 1878 694 904 510 5050 407 7399 1256 1676 4829 8307 270 24 4292 0 1591 25 295 1448 11 107 3850 0 1299 228 1065 3504 3 1242 475 196 192 281 1718 9 301 643 5806 2552 6196 764 6211 469 8669 1853
76221 859 44066 4513 80583 3863 324 202 28 16271 137 3332 846 33774 6948 82 52511 31 5178 22073 10425 293 1638 7060 1910 72 17985 347 224 14 30147 3168 291 12872 4 4128 5349 9 5501 11468 6659 12483 3425 1859 22874 5849 59144 8795 7204 9947 28852 1457 390 18877 1591 0 40 2595 8390 70 333 19820 1 8008 375 3916 1921 20 6148 3182 605 897 1039 4331 122 1194 2635 38865 7958 33185 2640 29978 4632 67006 12570
195 4 130 38 316 12 54 18 0 225 33 76 101 137 24 28 490 5 60 316 99 32 32 162 224 6 279 3 16 2 309 44 2 32 0 10 67 0 46 211 99 27 101 31 84 9 510 114 82 105 234 37 1 196 25 40 0 15 197 1 4 144 0 30 45 55 29 2 105 5 25 30 8 85 1 64 11 467 251 211 70 294 40 369 7
8289 102 6283 601 10455 869 85 35 6 2429 9 608 136 4882 1063 24 7499 22 1251 3254 1148 50 177 789 315 20 2285 86 38 0 3619 542 57 2108 1 915 518 0 693 1848 1054 1982 573 404 4002 957 7596 1046 1293 1882 4737 198 225 2694 295 2595 15 0 1158 14 94 2711 0 1089 86 632 324 3 932 378 88 156 235 792 58 107 328 4125 1164 6172 335 5062 1703 8995 1445
30903 458 23832 7689 47100 2709 1464 628 21 13970 506 3842 2609 19331 4243 431 51738 93 5243 30723 8447 886 2163 8961 7012 213 14143 376 463 78 25255 1925 543 6558 6 1530 5350 29 4868 13508 8737 3189 5150 2399 11953 1804 44506 9418 4844 7161 18408 1832 109 21272 1448 8390 197 1158 0 42 278 10811 1 3101 1453 3242 1618 63 7928 1681 1243 1539 671 3317 107 1990 1595 37848 14085 21656 4229 31509 2650 49888 4984
221 10 205 29 295 17 1 1 0 84 0 17 7 135 20 0 256 0 15 144 67 1 11 41 13 0 89 2 1 0 134 21 2 73 0 14 16 0 21 68 32 45 42 15 163 12 242 38 35 56 150 5 1 102 11 70 1 14 42 0 4 102 0 29 0 31 11 0 30 12 10 9 9 29 1 6 28 136 80 149 33 310 26 275 59
1073 38 1078 119 1598 369 25 14 0 713 6 148 33 827 202 13 1704 6 424 792 225 5 54 193 85 8 648 12 3 0 936 139 9 751 0 65 206 2 124 350 269 137 110 79 783 85 1551 234 301 421 1546 39 6 692 107 333 4 94 278 4 0 904 0 238 23 218 90 0 285 47 15 40 97 209 7 38 42 954 271 1139 87 944 118 1547 308
60159 1287 54333 6085 84225 7879 663 381 28 28540 281 5964 1029 50614 11994 209 67009 163 10788 29795 11328 522 1840 8733 3087 226 25101 420 315 26 44489 6317 512 28080 13 3583 6397 3 6308 14240 11318 7940 4894 2471 35327 4499 65374 9518 14359 18438 67160 1903 323 28356 3850 19820 144 2711 10811 102 904 0 1 13148 821 7333 3904 42 9461 3326 968 1204 2659 7900 105 1453 2949 48129 12639 52179 3761 39296 4350 72338 20816
8 1 8 2 9 1 0 1 0 7 0 0 1 5 1 0 9 0 1 6 4 0 1 0 2 0 1 0 0 0 3 0 0 4 0 1 2 0 2 3 2 0 1 0 2 0 9 1 4 3 5 1 0 3 0 1 0 0 1 0 0 1 0 1 0 3 0 0 0 1 2 0 3 2 0 0 1 3 2 7 0 11 1 13 7
21498 540 20385 1994 27668 2268 255 123 9 7976 68 2122 252 17868 4886 97 22814 40 3962 8398 3918 141 709 2775 749 90 7017 79 63 4 15047 2257 120 9100 7 1386 1725 3 1878 4073 4196 3013 1563 772 11873 1591 19565 2990 6162 6516 22109 591 190 9390 1299 8008 30 1089 3101 29 238 13148 1 0 315 2172 1249 5 3668 1336 291 297 622 2369 29 347 1051 13606 3833 17594 1119 13255 1571 24796 14894
2220 43 1708 205 3383 97 5317 152 0 1475 22 667 403 1736 365 2065 5267 40 323 3251 804 276 261 1824 1400 82 1874 41 226 6 3672 250 2 406 0 104 368 18 301 1482 808 134 892 235 1332 129 3896 976 583 960 2223 162 8 2060 228 375 45 86 1453 0 23 821 0 315 0 321 254 3 831 55 158 166 26 488 2 302 154 3840 2843 2354 601 4672 184 3513 236
12862 276 10793 1444 18586 1856 286 187 5 7257 79 1833 431 9893 4398 88 18288 70 3076 8543 2671 213 492 2597 1169 97 6011 78 129 10 10724 1740 160 6090 0 759 1933 14 1994 4600 3399 1632 1837 836 7282 1066 17333 2585 3172 5502 13516 675 75 9917 1065 3916 55 632 3242 31 218 7333 3 2172 321 0 1253 4 2520 837 366 406 530 2403 32 513 820 13007 4196 11211 1240 10337 1076 18828 3536
6869 154 5973 715 9742 731 258 170 2 5654 65 1219 358 5260 1764 97 10214 50 1288 4788 1873 217 418 1930 1087 113 4101 38 133 4 6655 2004 52 3521 3 482 933 4 1053 2516 2097 820 1371 568 4547 549 9298 1433 1665 5759 7335 397 46 4743 3504 1921 29 324 1618 11 90 3904 0 1249 254 1253 0 5 1337 604 274 253 241 2728 14 347 617 6950 3315 6345 978 6867 596 9759 1857
150 2 52 52 215 3 2 5 0 46 7 15 27 58 10 3 173 0 15 112 21 6 11 49 46 1 53 0 5 0 91 5 1 19 0 2 60 2 7 81 31 3 28 11 25 5 193 42 8 18 26 5 1 61 3 20 2 3 63 0 0 42 0 5 3 4 5 0 23 1 9 5 1 17 2 17 5 168 72 56 21 125 7 187 4
22637 337 18074 2781 32194 2376 768 348 6 10906 255 2970 1243 14804 3584 305 35517 126 4523 16968 5207 486 1310 6052 3355 171 10798 173 308 21 22861 1972 199 5805 6 1106 4358 40 2959 7794 6021 2236 3148 1395 9534 1413 29731 6460 4737 6373 17243 1505 71 14226 1242 6148 105 932 7928 30 285 9461 0 3668 831 2520 1337 23 0 1098 620 752 563 2698 41 1096 1116 25155 7523 16016 2227 19774 1918 32189 5001
9222 110 7904 1023 12456 557 78 23 6 3144 45 863 211 6019 2060 13 9555 6 1001 4520 2349 34 412 1331 278 21 2761 47 38 4 5378 1074 46 2645 4 592 778 0 1121 2162 1431 1268 833 412 4367 542 9038 1413 1329 2965 5609 348 67 3539 475 3182 5 378 1681 12 47 3326 1 1336 55 837 604 1 1098 0 161 144 159 1054 17 209 697 6425 1829 5346 755 6022 708 11548 2238
2491 41 1795 339 3860 146 163 202 2 1420 42 503 391 1583 477 54 4191 13 411 2457 899 478 275 1218 880 71 1519 27 112 5 2499 299 19 623 4 150 488 1 449 1317 819 266 1396 221 1127 182 3823 713 478 1051 1707 176 17 1922 196 605 25 88 1243 10 15 968 2 291 158 366 274 9 620 161 0 134 60 428 9 217 215 3423 3052 2015 1931 3357 179 4323 437
3865 59 2436 561 5238 410 347 100 1 1892 68 507 629 2046 343 62 5560 16 529 4293 1605 125 402 1283 2801 37 2593 66 151 10 2462 287 32 779 0 207 617 5 466 2229 825 371 662 522 1602 229 5666 987 559 965 2088 149 10 1813 192 897 30 156 1539 9 40 1204 0 297 166 406 253 5 752 144 134 0 119 606 18 591 299 3943 1965 2505 425 7125 349 5701 513
3452 129 3490 406 5051 760 14 9 1 1842 9 311 42 2633 539 7 4516 5 1223 1950 761 11 152 498 131 3 1601 37 8 1 2602 273 47 1842 1 253 509 0 325 891 641 365 194 169 2275 240 4248 573 934 1230 3831 96 13 1726 281 1039 8 235 671 9 97 2659 3 622 26 530 241 1 563 159 60 119 0 405 10 95 119 2668 625 3373 177 2906 318 4579 1161
15496 240 10680 1556 21503 1631 583 343 6 17899 125 1958 1042 10220 2950 235 21808 64 2485 9893 3947 372 844 4987 2464 181 13751 151 370 14 15038 10217 135 6173 7 825 2111 12 2914 5838 3879 1688 2597 1263 9025 1093 25382 3340 2764 8889 13826 900 86 9296 1718 4331 85 792 3317 29 209 7900 2 2369 488 2403 2728 17 2698 1054 428 606 405 0 28 761 1516 15142 6167 11461 1613 13564 1185 21809 3058
377 10 283 82 498 49 9 2 0 137 1 36 28 221 65 3 434 2 100 228 86 2 15 55 33 0 141 32 0 0 177 23 2 56 0 20 25 2 31 98 41 44 23 39 158 19 421 53 40 52 150 9 2 185 9 122 1 58 107 1 7 105 0 29 2 32 14 2 41 17 9 18 10 28 0 15 14 302 79 281 23 300 80 521 40
5089 87 3473 785 7953 242 427 177 1 2233 145 711 868 2694 582 118 8034 23 595 5974 2240 279 1417 2946 2771 87 4281 79 277 8 4221 314 32 776 1 239 990 19 712 2990 1059 457 1098 658 2387 348 8491 1760 748 1228 2484 257 20 2518 301 1194 64 107 1990 6 38 1453 0 347 302 513 347 17 1096 209 217 591 95 761 15 0 655 6222 3403 3162 717 9098 422 8996 566
9741 133 6720 994 12689 478 274 94 0 3505 83 1011 642 5437 1530 77 9843 12 843 5965 3652 154 813 2974 1012 39 5647 82 126 1 5696 724 42 2265 3 645 1001 5 1337 2735 1364 1190 1083 574 4897 557 11526 1849 1268 2698 4766 331 40 3425 643 2635 11 328 1595 28 42 2949 1 1051 154 820 617 5 1116 697 215 299 119 1516 14 655 0 7739 3210 5215 953 9585 499 13101 1766
134108 1776 103721 15124 200792 9022 3910 1757 40 64015 1209 14984 6142 82741 17775 1192 190835 317 16727 90694 30903 2417 7116 35030 16985 633 63555 1100 1602 120 117246 9448 1038 32833 25 6571 26156 127 24701 42774 26333 14075 16758 6774 53170 8211 191953 34056 20518 32520 81729 6111 634 70491 5806 38865 467 4125 37848 136 954 48129 3 13606 3840 13007 6950 168 25155 6425 3423 3943 2668 15142 302 6222 7739 0 41294 93700 12083 106063 10194 196177 23965
34027 498 24326 4655 52969 2418 2984 2996 6 19081 646 7197 4399 20888 5845 1022 54117 190 5371 30313 11670 3571 3657 17009 14010 841 21573 286 2360 66 34363 3357 243 7817 37 1933 5365 41 5216 17271 9754 3660 19323 3112 17210 2364 50810 10472 6090 12965 22578 1981 211 22194 2552 7958 251 1164 14085 80 271 12639 2 3833 2843 4196 3315 72 7523 1829 3052 1965 625 6167 79 3403 3210 41294 0 26624 11685 55373 2691 56672 5528
111240 2173 113265 10884 157954 11296 2005 929 55 40718 456 12340 2717 81366 18412 723 143222 231 19621 59878 21011 1191 3978 18942 7917 520 42149 880 933 34 83632 7995 866 40822 28 7539 13491 49 11865 27373 20601 15232 10149 5387 62381 8799 122606 19344 26707 29953 107431 3161 797 53431 6196 33185 211 6172 21656 149 1139 52179 7 17594 2354 11211 6345 56 16016 5346 2015 2505 3373 11461 281 3162 5215 93700 26624 0 7424 78460 10232 145210 30672
9751 176 7521 1459 15548 709 512 679 4 5212 169 1844 1142 6463 1885 171 15082 43 1430 8750 3593 1121 873 4193 2700 202 5459 60 446 20 9353 943 77 2542 6 694 1599 13 1742 4900 2822 1197 5150 885 4731 720 13912 2817 1825 3970 6398 665 66 6360 764 2640 70 335 4229 33 87 3761 0 1119 601 1240 978 21 2227 755 1931 425 177 1613 23 717 953 12083 11685 7424 0 13814 719 16997 1862
123927 1777 96788 14587 179263 9195 5574 2011 53 48606 946 13089 7892 72844 15354 1797 152940 256 16937 90327 38755 2587 12608 37984 26550 847 65253 1011 2724 100 92496 7963 823 30321 49 7218 14059 117 13686 42740 20824 12275 20556 9099 59514 6556 150372 27437 18190 31939 72821 4065 738 51228 6211 29978 294 5062 31509 310 944 39296 11 13255 4672 10337 6867 125 19774 6022 3357 7125 2906 13564 300 9098 9585 106063 55373 78460 13814 0 10528 179144 21539
14036 227 11066 1319 19604 1161 164 116 4 4213 33 979 283 8659 1554 83 15672 29 1940 7630 2349 110 632 1999 738 40 4628 129 96 4 8630 720 86 2928 2 887 1377 7 1389 3817 1967 2181 1160 712 5592 1300 16679 2399 2234 2882 7310 456 162 5194 469 4632 40 1703 2650 26 118 4350 1 1571 184 1076 596 7 1918 708 179 349 318 1185 80 422 499 10194 2691 10232 719 10528 0 17821 2248
226093 2798 169860 24246 336940 17572 3775 2085 84 82175 1126 18918 7707 134753 29991 1081 280977 278 31186 124375 52506 2783 12868 47330 20215 882 100245 1650 1999 86 159897 14394 1502 53447 54 11836 26741 128 27780 62295 35363 25975 21983 10760 90375 14543 307443 47409 31507 47596 128326 7434 971 95701 8669 67006 369 8995 49888 275 1547 72338 13 24796 3513 18828 9759 187 32189 11548 4323 5701 4579 21809 521 8996 13101 196177 56672 145210 16997 179144 17821 0 40591
34694 849 33532 3137 46541 3329 180 88 13 11873 120 3027 328 29257 6875 64 37635 16 5417 14192 6788 132 1192 4429 771 70 11163 178 73 5 26537 3275 173 14807 10 2148 3247 0 3066 6420 6306 5279 2140 1085 20794 2550 33253 4788 10552 9815 35563 913 209 16174 1853 12570 7 1445 4984 59 308 20816 7 14894 236 3536 1857 4 5001 2238 437 513 1161 3058 40 566 1766 23965 5528 30672 1862 21539 2248 40591 0
