0.000000000000000000e+00 2.511400000000000000e+04 9.644000000000000000e+03 1.842000000000000000e+03 1.788000000000000000e+03 1.524800000000000000e+04 4.078000000000000000e+03 6.775000000000000000e+03 1.440000000000000000e+04 1.185100000000000000e+04 9.567000000000000000e+03 1.360000000000000000e+04 9.140000000000000000e+03 1.000000000000000000e+00
2.511400000000000000e+04 0.000000000000000000e+00 4.316560000000000000e+05 1.092280000000000000e+05 9.459500000000000000e+04 7.143030000000000000e+05 1.831720000000000000e+05 2.860990000000000000e+05 9.963790000000000000e+05 7.002410000000000000e+05 4.474310000000000000e+05 4.710420000000000000e+05 2.096080000000000000e+05 6.170000000000000000e+02
9.644000000000000000e+03 4.316560000000000000e+05 0.000000000000000000e+00 4.477000000000000000e+04 3.816000000000000000e+04 3.008380000000000000e+05 8.427300000000000000e+04 1.327590000000000000e+05 3.845010000000000000e+05 2.815560000000000000e+05 2.003280000000000000e+05 1.926950000000000000e+05 8.096900000000000000e+04 1.770000000000000000e+02
1.842000000000000000e+03 1.092280000000000000e+05 4.477000000000000000e+04 0.000000000000000000e+00 2.028200000000000000e+04 8.004900000000000000e+04 3.428500000000000000e+04 3.842300000000000000e+04 1.079300000000000000e+05 1.029140000000000000e+05 5.456900000000000000e+04 4.812500000000000000e+04 2.101000000000000000e+04 6.800000000000000000e+01
1.788000000000000000e+03 9.459500000000000000e+04 3.816000000000000000e+04 2.028200000000000000e+04 0.000000000000000000e+00 6.918900000000000000e+04 2.885700000000000000e+04 3.025200000000000000e+04 9.262300000000000000e+04 8.466100000000000000e+04 4.656700000000000000e+04 4.309100000000000000e+04 2.157900000000000000e+04 5.600000000000000000e+01
1.524800000000000000e+04 7.143030000000000000e+05 3.008380000000000000e+05 8.004900000000000000e+04 6.918900000000000000e+04 0.000000000000000000e+00 1.391660000000000000e+05 2.100180000000000000e+05 6.164490000000000000e+05 4.880320000000000000e+05 3.098790000000000000e+05 3.077370000000000000e+05 1.242690000000000000e+05 3.400000000000000000e+02
4.078000000000000000e+03 1.831720000000000000e+05 8.427300000000000000e+04 3.428500000000000000e+04 2.885700000000000000e+04 1.391660000000000000e+05 0.000000000000000000e+00 6.784400000000000000e+04 1.627540000000000000e+05 1.404130000000000000e+05 8.549400000000000000e+04 8.260000000000000000e+04 3.964600000000000000e+04 9.900000000000000000e+01
6.775000000000000000e+03 2.860990000000000000e+05 1.327590000000000000e+05 3.842300000000000000e+04 3.025200000000000000e+04 2.100180000000000000e+05 6.784400000000000000e+04 0.000000000000000000e+00 2.527910000000000000e+05 2.110080000000000000e+05 1.315010000000000000e+05 1.337080000000000000e+05 6.007700000000000000e+04 1.580000000000000000e+02
1.440000000000000000e+04 9.963790000000000000e+05 3.845010000000000000e+05 1.079300000000000000e+05 9.262300000000000000e+04 6.164490000000000000e+05 1.627540000000000000e+05 2.527910000000000000e+05 0.000000000000000000e+00 7.428760000000000000e+05 4.152250000000000000e+05 3.990770000000000000e+05 1.491740000000000000e+05 5.810000000000000000e+02
1.185100000000000000e+04 7.002410000000000000e+05 2.815560000000000000e+05 1.029140000000000000e+05 8.466100000000000000e+04 4.880320000000000000e+05 1.404130000000000000e+05 2.110080000000000000e+05 7.428760000000000000e+05 0.000000000000000000e+00 3.447460000000000000e+05 2.887990000000000000e+05 1.100740000000000000e+05 4.530000000000000000e+02
9.567000000000000000e+03 4.474310000000000000e+05 2.003280000000000000e+05 5.456900000000000000e+04 4.656700000000000000e+04 3.098790000000000000e+05 8.549400000000000000e+04 1.315010000000000000e+05 4.152250000000000000e+05 3.447460000000000000e+05 0.000000000000000000e+00 1.823710000000000000e+05 7.915900000000000000e+04 2.070000000000000000e+02
1.360000000000000000e+04 4.710420000000000000e+05 1.926950000000000000e+05 4.812500000000000000e+04 4.309100000000000000e+04 3.077370000000000000e+05 8.260000000000000000e+04 1.337080000000000000e+05 3.990770000000000000e+05 2.887990000000000000e+05 1.823710000000000000e+05 0.000000000000000000e+00 9.964300000000000000e+04 2.780000000000000000e+02
9.140000000000000000e+03 2.096080000000000000e+05 8.096900000000000000e+04 2.101000000000000000e+04 2.157900000000000000e+04 1.242690000000000000e+05 3.964600000000000000e+04 6.007700000000000000e+04 1.491740000000000000e+05 1.100740000000000000e+05 7.915900000000000000e+04 9.964300000000000000e+04 0.000000000000000000e+00 1.420000000000000000e+02
1.000000000000000000e+00 6.170000000000000000e+02 1.770000000000000000e+02 6.800000000000000000e+01 5.600000000000000000e+01 3.400000000000000000e+02 9.900000000000000000e+01 1.580000000000000000e+02 5.810000000000000000e+02 4.530000000000000000e+02 2.070000000000000000e+02 2.780000000000000000e+02 1.420000000000000000e+02 0.000000000000000000e+00
