9.999999999999997780e-01 7.331798030209474293e-01 2.392919884928119134e-01 3.971984403290504950e-01 4.122880377483254533e-01 5.310845711043769013e-01 2.611434589789495830e-01 6.052292287494789313e-01 4.450292631420443290e-01 4.400555657584202529e-01 5.306683894988288852e-01 4.115439918056028601e-01 5.376961830622972727e-01 3.596319855010676747e-01
7.331798030209474293e-01 9.999999999999998890e-01 4.744290134694460481e-01 4.847125561325920096e-01 4.865550675511104428e-01 5.969656796776686702e-01 4.993438751039777079e-01 7.168232635115115992e-01 6.768394563933175512e-01 6.026329482639850577e-01 6.426561165304084389e-01 7.408119668147229442e-01 5.321359971217306528e-01 4.067629377879862229e-01
2.392919884928119134e-01 4.744290134694460481e-01 1.000000000000000000e+00 3.894984668952002349e-01 2.804808917477365493e-01 5.940230043629123324e-01 3.321075821306224696e-01 4.448482233934324959e-01 4.799363762125049560e-01 5.988974005953483504e-01 4.711947961972243193e-01 6.884128584294957331e-01 3.618102429111758611e-01 4.007118742552800983e-01
3.971984403290504950e-01 4.847125561325920096e-01 3.894984668952002349e-01 9.999999999999998890e-01 7.601253407191027600e-01 6.846240780686878580e-01 4.026748618532879354e-01 7.059454124618652626e-01 7.021897385817561510e-01 7.730759284999636494e-01 6.858822141231186720e-01 4.752807865187544389e-01 5.361151323670575453e-01 6.043925970243985146e-01
4.122880377483254533e-01 4.865550675511104428e-01 2.804808917477365493e-01 7.601253407191027600e-01 9.999999999999994449e-01 5.192850217757984943e-01 2.393470805235465293e-01 7.245553483813260698e-01 5.683473580706845940e-01 5.782664369498833334e-01 5.365346125396828203e-01 3.100329015578257574e-01 4.944637588159330743e-01 5.575861956062585501e-01
5.310845711043769013e-01 5.969656796776686702e-01 5.940230043629123324e-01 6.846240780686878580e-01 5.192850217757984943e-01 1.000000000000000222e+00 4.004108730783167980e-01 6.621177791658842127e-01 6.661001516399158717e-01 6.817335256971475133e-01 7.513634466601492035e-01 5.981578490090605493e-01 4.042343496513592371e-01 6.746491346699895475e-01
2.611434589789495830e-01 4.993438751039777079e-01 3.321075821306224696e-01 4.026748618532879354e-01 2.393470805235465293e-01 4.004108730783167980e-01 1.000000000000000000e+00 3.021092186343518615e-01 5.097478358731275527e-01 5.770886765870458790e-01 5.301904558885792706e-01 6.068439711031936579e-01 2.114080634240944334e-01 2.047429349627699069e-01
6.052292287494789313e-01 7.168232635115115992e-01 4.448482233934324959e-01 7.059454124618652626e-01 7.245553483813260698e-01 6.621177791658842127e-01 3.021092186343518615e-01 9.999999999999994449e-01 7.216852261157831183e-01 6.885699129258019413e-01 7.921924182310270401e-01 6.160015247227794699e-01 6.678729872292750169e-01 5.520103777920052357e-01
4.450292631420443290e-01 6.768394563933175512e-01 4.799363762125049560e-01 7.021897385817561510e-01 5.683473580706845940e-01 6.661001516399158717e-01 5.097478358731275527e-01 7.216852261157831183e-01 9.999999999999998890e-01 8.250303473909869068e-01 7.141069611070843814e-01 6.409251847257638746e-01 3.511192420305952466e-01 5.764215831653614064e-01
4.400555657584202529e-01 6.026329482639850577e-01 5.988974005953483504e-01 7.730759284999636494e-01 5.782664369498833334e-01 6.817335256971475133e-01 5.770886765870458790e-01 6.885699129258019413e-01 8.250303473909869068e-01 9.999999999999997780e-01 7.347992048970223289e-01 6.918284592519088338e-01 4.496700258209227474e-01 5.504918586223223054e-01
5.306683894988288852e-01 6.426561165304084389e-01 4.711947961972243193e-01 6.858822141231186720e-01 5.365346125396828203e-01 7.513634466601492035e-01 5.301904558885792706e-01 7.921924182310270401e-01 7.141069611070843814e-01 7.347992048970223289e-01 9.999999999999995559e-01 6.629408519780158882e-01 4.686039610330609007e-01 5.121979216775299770e-01
4.115439918056028601e-01 7.408119668147229442e-01 6.884128584294957331e-01 4.752807865187544389e-01 3.100329015578257574e-01 5.981578490090605493e-01 6.068439711031936579e-01 6.160015247227794699e-01 6.409251847257638746e-01 6.918284592519088338e-01 6.629408519780158882e-01 9.999999999999998890e-01 4.536021493475543287e-01 3.032757281413676620e-01
5.376961830622972727e-01 5.321359971217306528e-01 3.618102429111758611e-01 5.361151323670575453e-01 4.944637588159330743e-01 4.042343496513592371e-01 2.114080634240944334e-01 6.678729872292750169e-01 3.511192420305952466e-01 4.496700258209227474e-01 4.686039610330609007e-01 4.536021493475543287e-01 9.999999999999995559e-01 2.601722185207029359e-01
3.596319855010676747e-01 4.067629377879862229e-01 4.007118742552800983e-01 6.043925970243985146e-01 5.575861956062585501e-01 6.746491346699895475e-01 2.047429349627699069e-01 5.520103777920052357e-01 5.764215831653614064e-01 5.504918586223223054e-01 5.121979216775299770e-01 3.032757281413676620e-01 2.601722185207029359e-01 1.000000000000000000e+00
