9.999999999999998890e-01 1.759008542476729053e-01 4.232436649340980406e-01 5.377063165246315224e-01 5.607927898237757836e-01 4.007999859662936815e-01 4.256677630078644636e-01 2.666343098968386727e-01 3.602386256223304439e-01 4.252931140727534975e-01 4.916051092106538678e-01 4.757354850658431777e-01 5.928037829594756669e-01 4.438690005813955008e-01 5.809787418202010389e-01 2.735042988663416996e-01 4.634671893317722779e-01 3.713927862046291772e-01 4.683601247185160132e-01 6.495451709751023373e-01 5.433897650309540417e-01 3.262562991450381200e-01 6.019115522361907500e-01 6.214692821134569778e-01 6.863355137679593154e-01 2.737570224543792174e-01 5.279226745074431237e-01 2.044651224382490751e-01 3.553193394098286273e-01 2.516313782740458582e-01 4.026873338877542952e-01 3.565150169947973180e-01 2.888086826962195097e-01 4.067268194627043920e-01 3.430190156342718955e-01 4.888039418708183814e-01 2.888734649232844176e-01 1.340960858027625546e-01 4.563288256401819565e-01 6.529054864754540999e-01 3.957466249276233028e-01 5.624567983254756820e-01 3.682331350169495976e-01 4.873688523207491685e-01 5.056486690078279000e-01 6.127084668221839392e-01 5.172586198373524402e-01 1.866351636413257076e-01 3.720771073869437728e-01 3.750537314979780490e-01 4.199840471006331954e-01 2.819789421472378432e-01 5.507675396044368066e-01 3.889137537978860082e-01 4.444633282957060616e-01 2.833293999953730435e-01 5.007525881177462557e-01 5.899448673363919537e-01 4.674719285188520534e-01 5.419212945293400141e-01 3.834683573353973030e-01 5.442341873736308289e-01 2.198933680811460956e-01 5.512507405557673934e-01 4.992209337884626619e-01 4.675898361175598317e-01 3.231801746801344355e-01 4.189978266409801755e-01 3.996349596264922588e-01 3.878458572581138797e-01 3.348214544293163231e-01 5.131282886547687827e-01 2.193451278070878419e-01 5.544850295401825280e-01 1.706566103703664739e-01 5.781494006563463461e-01 5.580308619115537105e-01 4.126710641310917804e-01 4.668502566350830052e-01 5.735632533638417296e-01 3.417343849597406780e-01 3.309467944863342947e-01 4.302383650098556278e-01 4.190633570738873659e-01 3.771759519096318791e-01
1.759008542476729053e-01 1.000000000000000000e+00 5.520246807921830312e-01 4.595673304118086944e-01 2.481310809592207345e-01 3.740851451294447405e-01 1.396220017980631112e-01 4.335739378672847644e-01 2.645886536481129592e-01 4.942880927120153478e-01 5.028380775416674275e-01 1.057842848802891950e-01 3.518412702644272416e-01 5.797570456019439655e-01 3.697845792573817292e-01 2.019029325629529137e-01 5.564516776401240428e-01 4.691587585972925023e-01 5.607966465351553742e-01 -3.709194869984468179e-02 4.361804952350895048e-01 6.101547859284080222e-02 1.798031465421490172e-01 2.158783196060344300e-01 -3.110988599270159485e-02 1.768966799639765941e-01 4.372917177201171568e-01 4.305721030172591779e-01 1.912428573228027451e-01 3.498738269810061086e-01 5.817447637289375750e-01 3.046734685836782197e-01 1.950780790877210125e-01 5.983024009181253655e-01 1.960476753720492016e-01 5.238347915850837255e-01 5.445264417249086053e-01 1.337490090850439461e-01 1.639471234386647436e-01 4.336349312632381547e-01 3.819073408895246047e-01 3.888711984873227667e-01 2.959594736572130347e-01 4.387698454691578154e-01 5.276071114372122839e-01 4.825785932580113902e-01 3.705968164112384278e-01 3.056104791482202043e-01 5.642422379554100642e-01 1.796285835036505463e-01 6.801988673113699146e-01 4.191986853665437551e-01 4.511393894117754488e-01 5.078819448329846553e-01 3.981123652520845435e-01 -5.620134580453528539e-02 5.460340386181796735e-01 5.138013612832607047e-01 3.853979572209851878e-01 1.405808708856555178e-01 4.848734775362311678e-01 5.156223270935469394e-01 9.776660909751008766e-02 5.937611720836875051e-01 2.721615076837350933e-01 2.547579401605183924e-01 3.723102193773594193e-01 5.124168832770531479e-01 5.574157508570816155e-01 2.345560441783909322e-01 3.086161428978537180e-01 2.970229711185834454e-01 5.571717226653656319e-01 3.106994161608614968e-01 3.810455153312859999e-01 1.933963771040859703e-01 2.373022534419571561e-01 5.418097147625560162e-01 2.130326234098851024e-01 5.978203747496063647e-01 2.654350380272803567e-01 2.304444637191287726e-01 5.485166557510843255e-01 4.989490035295401915e-01 6.440118394806839675e-01
4.232436649340980406e-01 5.520246807921830312e-01 1.000000000000000222e+00 5.619826133181589078e-01 6.831149638558708936e-01 4.180874076302385500e-01 2.583065929254427795e-01 4.548962601160080332e-01 3.379027432117955310e-01 5.874414965800675015e-01 6.286714954405083766e-01 9.195828788284469979e-02 4.464093135923608013e-01 6.370066961443311415e-01 4.624424261517884327e-01 3.770481654551795514e-01 6.982769594320843431e-01 4.218603912261690292e-01 5.932113176616359285e-01 2.135954285181629331e-01 5.899423293449086447e-01 2.265105608088529843e-01 4.139965823027569325e-01 4.903078973722310163e-01 3.086654347209996097e-01 2.084810376293136924e-01 5.795090182777830057e-01 4.789649329745344630e-01 1.944657722422125645e-01 3.476464632167520219e-01 5.172677516540168385e-01 4.698021974833284653e-01 2.565021314877358738e-01 6.605814013305124632e-01 2.583420309906774293e-01 7.721136870344267322e-01 2.321401055130633828e-01 2.624470102052234854e-01 3.007034912177984909e-01 6.856941065874680996e-01 5.470443213072289090e-01 5.945452694233747115e-01 3.631423215962228390e-01 5.613248304182604231e-01 7.324649561056303382e-01 8.304488404480072639e-01 4.487136546723183850e-01 3.844802698493528514e-01 6.102310577067832087e-01 3.041205215767979753e-01 6.699961594893550920e-01 5.431625149512480100e-01 7.777809676257693150e-01 6.333259894504111864e-01 6.069516722937112752e-01 8.018837034914194639e-02 6.663572871338554471e-01 8.067861781188986336e-01 4.984844815108784855e-01 3.345494034171926923e-01 5.341040863756029156e-01 7.231266958983415538e-01 2.256063664821380266e-01 7.263588957858877482e-01 4.734380846671970011e-01 3.535904148899294275e-01 4.371439523565933127e-01 5.489543462374555371e-01 5.613167836908560249e-01 3.648493692893484130e-01 2.409159538717336180e-01 4.604742570073401819e-01 5.475565674868926314e-01 5.780790315851456196e-01 4.032340878919219995e-01 3.895134420504324235e-01 4.328286916942409857e-01 5.395668702070376410e-01 1.714333793436394748e-01 8.672190032363891188e-01 1.624846777121298491e-01 2.411969863910224665e-01 8.281871418102667581e-01 5.496837228452199353e-01 6.896713845863553516e-01
5.377063165246315224e-01 4.595673304118086944e-01 5.619826133181589078e-01 1.000000000000000222e+00 6.310998727278556153e-01 6.862632605024574506e-01 5.710455688921660666e-01 3.163641516996749670e-01 3.876686155575412296e-01 7.408408838168811794e-01 7.569553752616658970e-01 4.217509869635662767e-01 6.340090330033835153e-01 6.042451527638801334e-01 7.044357109616063983e-01 4.584066220489332877e-01 7.018995452263112611e-01 6.131253930971384269e-01 7.821923738427738471e-01 3.391685058187770552e-01 6.639400208950178017e-01 3.892558937573658562e-01 6.793095512698176242e-01 7.140948779080160680e-01 3.709730063192714922e-01 3.808960671542290788e-01 6.612680051668822223e-01 3.424210437099790005e-01 3.988209342283670633e-01 1.431239378132967421e-01 6.348637406044428388e-01 7.581930133494655388e-01 5.214137532014814225e-01 6.824965078008367048e-01 4.289135201007885367e-01 4.373569373937400417e-01 4.929045078695480364e-01 9.608745299188453659e-02 4.796841534176759514e-01 6.383986862763861847e-01 4.807383657903444019e-01 7.082263638518425664e-01 3.729976202563482501e-01 7.022340213892804828e-01 6.277463561351431798e-01 6.030504069712335768e-01 6.981028249261996832e-01 5.162297784522685840e-01 5.388404865391438481e-01 6.104316893077297301e-01 6.484969582200689198e-01 5.278960247809265649e-01 4.591673295023127044e-01 7.561640810633364351e-01 6.466205154654049991e-01 4.139020005257537660e-01 6.491683354421584617e-01 6.039964208154213754e-01 5.633977552464107807e-01 5.066066481047937220e-01 7.294930809217210488e-01 7.960931047205502820e-01 2.264320522612564279e-01 6.979937300994196736e-01 6.564944498287950125e-01 8.847146518449484631e-01 6.480104550437646438e-01 6.110150822118870506e-01 6.743639856778641528e-01 4.046185413724127100e-01 2.953717779210583427e-01 5.743690161725467647e-01 5.623693154863795840e-01 7.199613373430038266e-01 5.097167203236407929e-01 6.930215761946630915e-01 7.203160163808483007e-01 7.747384940291807132e-01 5.397489515019426864e-01 7.507311767548591197e-01 3.354843144761973650e-01 5.708805244300519943e-01 5.399383895227359842e-01 6.321219789669783040e-01 6.279055406273830187e-01
5.607927898237757836e-01 2.481310809592207345e-01 6.831149638558708936e-01 6.310998727278556153e-01 1.000000000000000000e+00 6.200526614931691771e-01 5.058934537979004054e-01 3.037431047040777266e-01 4.446411433152283599e-01 5.676288470897085103e-01 5.996701773013995984e-01 2.427732669192640969e-01 5.927854282750353310e-01 5.380998756243203784e-01 5.816898723412173844e-01 3.955850252394648159e-01 5.684495245661174145e-01 4.734663793746604066e-01 6.245971512993876429e-01 3.094474832400647135e-01 6.348269368641705768e-01 3.014007462536985038e-01 6.019968864502248662e-01 6.453129206575169974e-01 5.471161533816669698e-01 3.861485943356038342e-01 5.874414977853230635e-01 2.477851808700875791e-01 3.269411682763426197e-01 2.390960342276768624e-01 4.852750179854965484e-01 5.159007753902929982e-01 4.615392223278061978e-01 5.128782636833395525e-01 3.435680182246254044e-01 5.330560843175161656e-01 1.954544651785568854e-01 1.729542833415941838e-01 4.165347329951390454e-01 6.293613104810003023e-01 4.646941957370547271e-01 6.996984177112635095e-01 3.342842946665612325e-01 5.865096979348652928e-01 6.249516693348834417e-01 7.556401125416701836e-01 5.933068665011624887e-01 2.807302067425969661e-01 5.067173864365341895e-01 5.296167989688677080e-01 4.564077586676102416e-01 4.323095025006841174e-01 6.823177744477061379e-01 5.108390569217372557e-01 4.846403252573302511e-01 1.689052564277724322e-01 6.071514801114250570e-01 7.579815047587734611e-01 5.072289771276676795e-01 4.438974741312318173e-01 5.951751328144732067e-01 6.869924738661153940e-01 2.844390753670645866e-01 5.876095378921829537e-01 5.819072424545908007e-01 5.175422718465095828e-01 4.293581029491631007e-01 5.053078621298788820e-01 4.972248679809172511e-01 4.044312355527961422e-01 2.578000119273569091e-01 4.723710189998968079e-01 4.137625784339137858e-01 7.180197258611150657e-01 3.439378467277348639e-01 5.809212953776494714e-01 5.876542290947331937e-01 4.769705499379403579e-01 2.879108821026821752e-01 6.585860217795330707e-01 3.148273098492734290e-01 3.829329416468507108e-01 5.885758790648332184e-01 6.087372783378456331e-01 4.127574482742433215e-01
4.007999859662936815e-01 3.740851451294447405e-01 4.180874076302385500e-01 6.862632605024574506e-01 6.200526614931691771e-01 1.000000000000000000e+00 5.293634939107335624e-01 3.050807697669764007e-01 5.593545345774172395e-01 5.632896090529950772e-01 4.097444977974405433e-01 3.496913890328493535e-01 5.295352556652515030e-01 4.897581522261676978e-01 5.948460216413022916e-01 2.761427389858991388e-01 5.937327819144145868e-01 6.636172546196967836e-01 8.325142115164664292e-01 3.001197527549751554e-01 4.650999829100479488e-01 2.843464051623983413e-01 5.717056661807458084e-01 5.725480018057087506e-01 4.539200052354649961e-01 3.971519096663583825e-01 4.989670798923754869e-01 1.372112958983191522e-01 3.811365658240257748e-01 1.291524550181129827e-01 5.724595721476953836e-01 4.844263601391433083e-01 5.433877519851169069e-01 5.778623194823694353e-01 2.771150955855495313e-01 3.677813604770785449e-01 4.584343077737396133e-01 1.615030783503315359e-01 2.459797684297072573e-01 5.167228133525750833e-01 3.469354674912101255e-01 6.162983474045720111e-01 3.177031956142363223e-01 4.763741920096836169e-01 3.988482437390661328e-01 3.883991152785986611e-01 6.908136313026119746e-01 1.845674286878723758e-01 5.680476561467771024e-01 5.475506305485767777e-01 4.972981915894277849e-01 2.770111562789014936e-01 3.448917341744308640e-01 5.311235860829003341e-01 4.885130008345851538e-01 2.351271564483755350e-01 4.477731518795737831e-01 4.129920674279748405e-01 4.846567932378920696e-01 4.881896777836962631e-01 9.118973405756274353e-01 6.059681596987740448e-01 2.131126838339988394e-01 4.918478044040437980e-01 5.224158869121885429e-01 6.521359473741907831e-01 4.564913297083327270e-01 6.089199340988213915e-01 7.084032472755129595e-01 3.930049255760009186e-01 3.139295055009799773e-01 4.226727305086062647e-01 6.318475829145804301e-01 6.350821234471403232e-01 5.074692390762860494e-01 5.470761852998544672e-01 5.078729001325860137e-01 4.658070261226637809e-01 4.469760661849752625e-01 5.990046195522601424e-01 4.491906852400266992e-01 4.124440374297755896e-01 4.240247013671520904e-01 5.429221101463332921e-01 4.452071235909496605e-01
4.256677630078644636e-01 1.396220017980631112e-01 2.583065929254427795e-01 5.710455688921660666e-01 5.058934537979004054e-01 5.293634939107335624e-01 9.999999999999997780e-01 2.833301063073827564e-01 5.875609521936482338e-01 6.326092609089717378e-01 5.737871668057832331e-01 3.433570975417641336e-01 7.319060823974661290e-01 3.883007756482755868e-01 6.293937093607117061e-01 7.768205082661191474e-01 6.018456110370240530e-01 5.156752285928046797e-01 5.942430950519281829e-01 2.335003626824523892e-01 7.049478177204859808e-01 3.753560008974651807e-01 8.671546230112503473e-01 8.042463631548671943e-01 6.901999293552588677e-01 4.340617058812717977e-01 7.167062090941586083e-01 3.798027556567604712e-01 4.680300217964103449e-01 2.889138510001599269e-01 4.677389471159891232e-01 5.802972422751879744e-01 6.232323467632937541e-01 4.342993526429053119e-01 4.586942871719246750e-01 3.062470773550530767e-01 3.364662353519502491e-01 2.557059131920461081e-01 4.393101320293357204e-01 6.065357654944398824e-01 6.238129965214168626e-01 5.872559564448119884e-01 5.192141492790092183e-01 5.476666528365049524e-01 4.523569525074356279e-01 3.793297059007401106e-01 7.324705267738607084e-01 4.048882722905592368e-01 4.761881438535450761e-01 5.207140383847137510e-01 4.138987733948184533e-01 4.563465010824837020e-01 1.523895340533902021e-01 5.494629800480268500e-01 4.564702776740588441e-01 1.397453750526983507e-02 5.335267432480238492e-01 4.052965569672183355e-01 6.917356581467333232e-01 3.673572081889180940e-01 5.415168671775597575e-01 5.435033245153240156e-01 3.908325543410472447e-01 5.161606234333444565e-01 7.497549147079584086e-01 4.597903469777775975e-01 5.737076517009683796e-01 5.868020204444193144e-01 5.485023416023744325e-01 1.158964270209592723e-01 4.774285215513925928e-01 7.682931617856461060e-01 4.868259165143550837e-01 6.501548840888459191e-01 5.518814257682108648e-01 8.142131365593667791e-01 6.746120242196821382e-01 6.033876021174962023e-01 4.799376301431114156e-01 4.971591108220709820e-01 4.270728902298394636e-01 4.799337549955802196e-01 3.843579378449402673e-01 6.312061763498525435e-01 2.929227538615260529e-01
2.666343098968386727e-01 4.335739378672847644e-01 4.548962601160080332e-01 3.163641516996749670e-01 3.037431047040777266e-01 3.050807697669764007e-01 2.833301063073827564e-01 9.999999999999998890e-01 2.478399275500009769e-01 5.495939720175758714e-01 4.559425514784403166e-01 2.657925649693998471e-01 5.090593367678019066e-01 4.571085311256777306e-01 3.417418136627851100e-01 3.882538480338875719e-01 5.794348842949328393e-01 2.854074648818293314e-01 4.130811468173316570e-01 8.952873810473238603e-02 5.537435512909701929e-01 5.536954641458613491e-01 4.708445457695069059e-01 3.940856170815469905e-01 1.367703433246368894e-01 3.362585587978881296e-01 5.728473174289427927e-01 4.877678046905377651e-01 2.167221318955292741e-01 1.855545966101042332e-01 4.856040673147918874e-01 4.275239089668022019e-01 3.257864931258991348e-01 5.117961543619411469e-01 3.852872317598305396e-01 4.991740972735553838e-01 2.626779738330741742e-01 2.565194342728387422e-01 1.400862150780847193e-01 6.501145026070622723e-01 4.594185960839091143e-01 4.126684183845347187e-01 7.347056453685655297e-01 6.118357597051519159e-01 5.945233236995836057e-01 4.595571108133113536e-01 6.321622908054908008e-01 3.124247208897187877e-01 3.974023989103919186e-01 2.250659442932136101e-01 3.750106959113950755e-01 3.997950878060657076e-01 5.230376859190088989e-01 5.000289213753961182e-01 4.534231275876545730e-01 -1.862352520420202939e-01 3.663291488659110029e-01 4.965273910943046043e-01 3.000552376383241460e-01 1.902940046743528402e-01 3.590913114211057300e-01 4.187540585238034296e-01 3.092402080148853871e-01 4.266398681110238345e-01 3.412034266844674035e-01 1.435919231901024440e-01 3.512857169129017243e-01 3.920814076965708495e-01 4.541629048460733009e-01 1.007489924978815787e-01 7.151356397659999198e-01 5.940255718158435894e-01 3.384862486302345763e-01 5.157254638812925895e-01 3.282570363918505540e-01 4.730118272119814837e-01 3.816261689775583554e-01 3.913608688664112489e-01 4.473484651703488746e-01 4.781509122815879587e-01 5.083916000980502892e-01 4.530125625750309193e-01 4.420968171872187158e-01 5.821508771982811803e-01 4.306819413854272582e-01
3.602386256223304439e-01 2.645886536481129592e-01 3.379027432117955310e-01 3.876686155575412296e-01 4.446411433152283599e-01 5.593545345774172395e-01 5.875609521936482338e-01 2.478399275500009769e-01 9.999999999999995559e-01 3.854610080030506647e-01 4.138259973384394441e-01 1.786220921202768819e-01 6.012765410225000551e-01 3.050061348041959719e-01 5.000179032367684240e-01 4.280849584932763241e-01 5.524550110752860510e-01 5.096144745692812172e-01 6.518242384909381792e-01 2.737430091173046476e-01 4.669649122690761045e-01 1.278124125648434917e-01 5.037539119299041523e-01 4.817989613576524888e-01 4.922748565999093273e-01 2.474071239768431685e-01 4.422603450681666937e-01 4.326606693317360808e-01 2.905868909704183434e-01 5.891542864851082584e-01 3.097035983962460604e-01 2.633225772131330134e-01 6.029904503102992974e-01 3.371906603523983637e-01 3.082650529588588095e-01 2.477236681856767875e-01 4.841412594639250000e-01 2.614227531404867966e-01 3.124475894194231884e-01 3.767130533299404282e-01 4.779504750738300389e-01 3.881495776280741161e-01 3.242631824898986603e-01 2.429343862474730165e-01 3.472342123075656817e-01 3.658931882715468764e-01 3.956500082251463990e-01 2.243814574559180319e-01 3.113449656518627040e-01 2.034773743269984170e-01 3.333420144712532229e-01 4.180208389282982218e-01 3.248563944548394922e-01 4.992412233550052036e-01 3.002634253532693864e-01 1.807949206942405240e-01 4.560916693959579660e-01 3.616904282606693277e-01 7.635948623660975265e-01 1.160209875009847041e-01 5.646815466963631680e-01 4.690023937097684281e-01 2.762299655177909430e-01 3.771176060100536742e-01 3.906934794331161642e-01 2.122706203572516659e-01 1.652463733261677892e-01 7.269291289739463480e-01 6.464876321839664319e-01 2.326329135535452897e-01 3.241862555540373503e-01 3.653698880450826914e-01 7.080115925462331372e-01 4.031254615565684762e-01 5.497623747489741586e-01 4.859612074579602314e-01 4.316653702522771363e-01 3.759852056956662358e-01 2.251937232435530511e-01 3.963698628036326777e-01 2.355908726972840983e-01 7.619243603061362502e-02 3.032737289554014448e-01 3.885140356629548930e-01 2.631504805160880256e-01
4.252931140727534975e-01 4.942880927120153478e-01 5.874414965800675015e-01 7.408408838168811794e-01 5.676288470897085103e-01 5.632896090529950772e-01 6.326092609089717378e-01 5.495939720175758714e-01 3.854610080030506647e-01 1.000000000000000000e+00 7.945798429408648111e-01 3.634950309720816342e-01 6.896017807983062520e-01 7.012615138250440916e-01 6.223972769671846095e-01 5.490345701926062638e-01 8.424381472533245541e-01 6.631257980786327000e-01 7.154155953109397892e-01 2.844499578265358153e-01 8.362573027169739603e-01 4.392337454899951088e-01 6.364624590293199713e-01 6.119778959557843345e-01 3.700518408269518056e-01 4.115125390476930822e-01 8.429818141902024609e-01 5.066141331761568889e-01 4.361073772631267609e-01 1.908271660137409176e-01 7.679933247885397662e-01 8.446287896318878108e-01 5.717700684024505930e-01 8.172849717477569387e-01 5.419806564703932850e-01 4.648736577433774109e-01 3.761521417468883244e-01 2.167989955005246161e-01 4.012821229896813557e-01 7.517974702887173510e-01 6.646896358634664104e-01 5.807802811514515273e-01 5.393526805341005703e-01 7.660285305662446476e-01 7.821229429857845528e-01 5.187846391234582910e-01 7.897519635440382046e-01 5.986220192924660566e-01 5.578806116486616506e-01 5.222213629323682049e-01 7.571258404030597466e-01 6.081439921833239337e-01 3.994906072693840682e-01 7.396934460897813812e-01 7.535207165738203594e-01 7.478842670565054307e-02 7.518727625812409165e-01 6.324687093916107061e-01 6.036401241633837511e-01 4.132533475179225313e-01 6.614437451130723566e-01 7.528237860312236851e-01 4.750265498423378863e-01 7.055537642800578935e-01 6.085391279892269356e-01 5.325388554285123144e-01 7.229376808638018348e-01 6.522783128184383994e-01 7.237274055370854775e-01 3.421912305533491017e-01 4.385158168155948721e-01 7.635904560917897710e-01 5.716934697062719950e-01 7.812974015066717071e-01 4.464514988371154902e-01 6.285899676930625235e-01 5.766473798405546969e-01 8.005539707118320969e-01 5.622800866412575038e-01 7.587869180703408212e-01 4.145688518715644477e-01 5.319553583924010454e-01 5.217443932308057919e-01 7.493425731570166892e-01 6.960606282260907163e-01
4.916051092106538678e-01 5.028380775416674275e-01 6.286714954405083766e-01 7.569553752616658970e-01 5.996701773013995984e-01 4.097444977974405433e-01 5.737871668057832331e-01 4.559425514784403166e-01 4.138259973384394441e-01 7.945798429408648111e-01 1.000000000000000000e+00 3.718887603489122173e-01 7.385543127905180860e-01 6.342552939540734291e-01 5.993712427314717983e-01 6.123367614564632078e-01 7.360814134890452110e-01 5.890220523806968256e-01 6.833949030637479494e-01 3.044911097262901212e-01 8.730831464118277152e-01 3.881465457171801026e-01 6.490589815955734032e-01 6.528492626505484342e-01 2.989614731691852545e-01 4.420091903910572384e-01 7.989860190005225737e-01 5.867936200756259657e-01 3.796889077517363598e-01 4.030000375591394346e-01 7.564413173296622439e-01 6.794760229899906578e-01 5.220389967589359470e-01 6.128249113717223473e-01 5.897175196189846647e-01 4.686726008154889489e-01 2.850213391118350259e-01 2.266225079774303042e-01 5.598535812023562874e-01 6.765013067827559956e-01 5.632670464582455461e-01 5.827386968618581964e-01 4.691663997526386298e-01 6.947112568262908683e-01 7.240963575255006113e-01 6.276181411964670831e-01 6.374053636200605055e-01 6.552245170657644557e-01 5.825902074131926733e-01 4.082102179992037616e-01 6.344608964672411311e-01 7.271299890139421018e-01 4.837043955041471222e-01 7.446668681452598415e-01 5.680611315439181297e-01 1.488294125586710204e-01 8.639964457254977193e-01 6.700141172328372141e-01 6.862470530723664419e-01 3.230565531525843581e-01 5.273546875285081148e-01 7.346017102685408195e-01 3.682851848720362642e-01 7.919316097215896022e-01 6.351231128362162526e-01 4.835698440107540352e-01 5.702510785812969774e-01 6.902638769213694792e-01 6.057331764197908530e-01 3.739378926745768883e-01 3.595082324086250614e-01 6.207772047228431456e-01 5.987016185526391476e-01 6.495961709531734574e-01 5.493145046706819912e-01 6.367244651113973530e-01 6.093717034508906449e-01 8.599343859569237303e-01 5.557875080479292018e-01 7.192540373548870214e-01 2.174210532378055005e-01 4.686381207135775218e-01 6.312914305244200497e-01 6.313352213705901717e-01 6.370036010976660723e-01
4.757354850658431777e-01 1.057842848802891950e-01 9.195828788284469979e-02 4.217509869635662767e-01 2.427732669192640969e-01 3.496913890328493535e-01 3.433570975417641336e-01 2.657925649693998471e-01 1.786220921202768819e-01 3.634950309720816342e-01 3.718887603489122173e-01 9.999999999999997780e-01 3.681112169283891622e-01 3.072974878571833601e-01 2.032586703883751400e-01 2.146473201688910704e-01 3.131991980964380362e-01 4.884065451225814147e-01 4.003295886160310735e-01 4.101382786588116391e-01 3.475597063170798307e-01 4.481028123675429575e-01 4.915024533965141607e-01 3.882664268803220908e-01 2.211183247682765862e-01 3.157823101240733732e-01 3.964460873823246190e-01 -1.079981603874878154e-01 3.548362860550574038e-01 -4.836133657950854314e-02 4.158917832650614876e-01 2.486406399490813934e-01 3.739135356386934506e-01 2.969785997497831342e-01 4.479377504736956062e-01 2.087413706888727460e-01 2.372997862781800193e-01 -1.830924251411219505e-01 3.879403497078465213e-01 3.532328965378829788e-01 1.147802517120602578e-01 3.705061006048553374e-01 2.645772010781237693e-01 5.684090599351088180e-01 2.947387648791928716e-01 1.426737595765951438e-01 4.507535755851826975e-01 7.026366616249221653e-02 2.355374463590055312e-01 4.061190600857246258e-01 2.520950980349406234e-01 8.007183431330082424e-02 8.947866253421132843e-02 2.824340389911469962e-01 2.918839456211668737e-01 2.944450818659313240e-01 3.531643459224588777e-01 1.633951029177878045e-01 2.707020650317264465e-01 4.950723474432824900e-01 2.503686909190110388e-01 3.099570857599832641e-01 5.018854325659337368e-02 2.225192721070066437e-01 5.578725535599865504e-01 4.298633385105486981e-01 4.554727984529917673e-01 2.775274717198144558e-01 2.209354210132505880e-01 3.633587571430964558e-01 1.411393605052785882e-01 3.130562855069347061e-01 2.455505726641188380e-01 4.611445328386916676e-01 1.752263026808343338e-01 4.655285703417204601e-01 3.206585682625894274e-01 2.379093499914568810e-01 5.204943459597695110e-01 3.058194568734425856e-01 1.760316418756839862e-01 6.610821178263116549e-01 1.154960075926064755e-01 2.300506116946482993e-01 1.814237431409372880e-01
5.928037829594756669e-01 3.518412702644272416e-01 4.464093135923608013e-01 6.340090330033835153e-01 5.927854282750353310e-01 5.295352556652515030e-01 7.319060823974661290e-01 5.090593367678019066e-01 6.012765410225000551e-01 6.896017807983062520e-01 7.385543127905180860e-01 3.681112169283891622e-01 9.999999999999997780e-01 5.226795684834231182e-01 6.694669060648242853e-01 5.769327373706887307e-01 6.963524555798706883e-01 6.066925662660659357e-01 7.163339380573056081e-01 3.910991505884691688e-01 8.237079678276627570e-01 4.356168726851918915e-01 7.458915484005788077e-01 6.949593152320749923e-01 5.120192606655119549e-01 4.083654035792180781e-01 7.922337542452099202e-01 4.114837750379701786e-01 2.647422984478878805e-01 4.869419534833989149e-01 6.819156310739660221e-01 5.532209289482806769e-01 4.995515716324165356e-01 5.236040676405410155e-01 6.027018430980588537e-01 4.803363022185249687e-01 3.201574098951255332e-01 2.677099217521626828e-01 5.347542056712490943e-01 6.767747617260108095e-01 6.095051365587758063e-01 6.313924685686925775e-01 6.191101844196892356e-01 6.035299396607272104e-01 6.250668328882499347e-01 5.606576779559943047e-01 7.397485995436141604e-01 4.552223366447361586e-01 5.684376478513420983e-01 3.353270598973024375e-01 4.907139344851320639e-01 5.716508797107339168e-01 4.668081035893901776e-01 5.490015870208269089e-01 5.340579176572854969e-01 1.488594594940860771e-01 6.695424551669031388e-01 6.012160211923810449e-01 7.266118433565676993e-01 3.555863824427852316e-01 6.142889834556567452e-01 6.733977887272928342e-01 4.824118306480693619e-01 6.696346592089221783e-01 6.349692040947256810e-01 4.286327355372905323e-01 4.511362683670226414e-01 7.103406430121537163e-01 6.700722476515230674e-01 2.327161088158874458e-01 6.214180123884901485e-01 7.169373310895558182e-01 5.646669669300599104e-01 6.400755411382766935e-01 5.761229080935973412e-01 7.267730284127532636e-01 6.340395597999093358e-01 6.822530284959622549e-01 6.124528230531651740e-01 5.904386604973214103e-01 5.834021200319627898e-01 4.108513968468829880e-01 5.246077216878578531e-01 6.033058584928892021e-01 4.320017602454756522e-01
4.438690005813955008e-01 5.797570456019439655e-01 6.370066961443311415e-01 6.042451527638801334e-01 5.380998756243203784e-01 4.897581522261676978e-01 3.883007756482755868e-01 4.571085311256777306e-01 3.050061348041959719e-01 7.012615138250440916e-01 6.342552939540734291e-01 3.072974878571833601e-01 5.226795684834231182e-01 1.000000000000000222e+00 4.515230030067235445e-01 3.300481207715215137e-01 6.749416301294351994e-01 6.036119407496904898e-01 6.271879908231180467e-01 2.484721330468533940e-01 5.661640216970710293e-01 2.742031424406513596e-01 3.936516680951074321e-01 3.544754914219451769e-01 2.984042235604870141e-01 3.516333354988646076e-01 6.076268282201003901e-01 4.870870966264916890e-01 3.722292600266128848e-01 2.640378746639094332e-01 6.554263749879953860e-01 5.371482115680045188e-01 3.913488062519226429e-01 7.429398094088333071e-01 2.844524001541369196e-01 5.701020472278713891e-01 4.826187269146105518e-01 3.860045774661111095e-01 2.274418295810987090e-01 6.511921016846733412e-01 5.676272920892510010e-01 6.619510347225879832e-01 3.750179333683839045e-01 6.003392449573857759e-01 7.042467852978209208e-01 5.990902770127765065e-01 5.390233118591833961e-01 5.000261979022219139e-01 5.363942845702988071e-01 3.335312518119036285e-01 7.527553365497994253e-01 4.618359260083966800e-01 5.533023069847442521e-01 6.939173819848059033e-01 6.310172592937414171e-01 6.637211351859712005e-02 6.691364282175207290e-01 6.774563263259437695e-01 4.893256529593822957e-01 2.815772537213082627e-01 5.512361517165701441e-01 6.654183713705106307e-01 4.762078124663079448e-01 7.285470382062824157e-01 5.033753540203090848e-01 4.498595193842944706e-01 4.819838702163873889e-01 6.093617866840865815e-01 6.617904531459758433e-01 2.767444725960642171e-01 4.508246365307840842e-01 5.149761654259099597e-01 5.659947621998038247e-01 4.805578326590704275e-01 4.409315903878158749e-01 4.513432688493911327e-01 4.515510086873891771e-01 6.457694804104665565e-01 3.885312761260988901e-01 7.483983816838104541e-01 4.052366476040502041e-01 3.317549188621141121e-01 6.318300914687854375e-01 6.154323200724139964e-01 7.928941558583751936e-01
5.809787418202010389e-01 3.697845792573817292e-01 4.624424261517884327e-01 7.044357109616063983e-01 5.816898723412173844e-01 5.948460216413022916e-01 6.293937093607117061e-01 3.417418136627851100e-01 5.000179032367684240e-01 6.223972769671846095e-01 5.993712427314717983e-01 2.032586703883751400e-01 6.694669060648242853e-01 4.515230030067235445e-01 9.999999999999996669e-01 3.739026334063607626e-01 5.588451076501862458e-01 4.361302770710627774e-01 6.216732057509721798e-01 3.753315813207140916e-01 6.182475511103346921e-01 3.461696965155921513e-01 6.682598139516806590e-01 6.918303834438540578e-01 5.787031430514397723e-01 3.273687185384758780e-01 5.901297373259517531e-01 4.243406509356333345e-01 3.370399334566108185e-01 4.465733001444888717e-01 5.426264898733093034e-01 6.999769839085037137e-01 2.972626504732440167e-01 4.692421804774646321e-01 2.399105056455776153e-01 4.802407890858678141e-01 2.778585902739124092e-01 2.811205634415012700e-01 3.896963720366675710e-01 6.256134407050073509e-01 5.533278873155648148e-01 6.132031539237712270e-01 5.633650443250310946e-01 4.822549235197208795e-01 4.717726282187896247e-01 5.969294875373978293e-01 7.166854887332821944e-01 5.545911896325170787e-01 4.892951072603630713e-01 4.602064350128363124e-01 4.367313139830569790e-01 5.426079335681599503e-01 5.217229561883545141e-01 5.478491409418204672e-01 3.997254730620714014e-01 5.255270338504106770e-02 5.856003265059103180e-01 5.659380870533237129e-01 5.350845959761759696e-01 3.603181675375772830e-01 6.638243515533034378e-01 7.545052270943489736e-01 3.334785085375970848e-01 6.896298141152711336e-01 4.388588285689973278e-01 5.910989179353653977e-01 4.032295190781179928e-01 5.207317032336744589e-01 5.252272956297964202e-01 2.752000604939160988e-01 4.899463091006530102e-01 6.050975409947584316e-01 4.121135636662807133e-01 6.891256873270064087e-01 4.715412421509163621e-01 6.589497471968249753e-01 6.540809235698487045e-01 6.054976631972369683e-01 4.541477441579921392e-01 5.862477495096112268e-01 5.381211096018461149e-01 3.541186383899662671e-01 5.578394712983416603e-01 6.282959511111901874e-01 4.602255981959840203e-01
2.735042988663416996e-01 2.019029325629529137e-01 3.770481654551795514e-01 4.584066220489332877e-01 3.955850252394648159e-01 2.761427389858991388e-01 7.768205082661191474e-01 3.882538480338875719e-01 4.280849584932763241e-01 5.490345701926062638e-01 6.123367614564632078e-01 2.146473201688910704e-01 5.769327373706887307e-01 3.300481207715215137e-01 3.739026334063607626e-01 1.000000000000000000e+00 5.780155494485382794e-01 3.432973494723352004e-01 4.087680920414936692e-01 2.803001702748208861e-03 7.091424324628248232e-01 3.016847524763922594e-01 7.353111498038165106e-01 6.654979505743957580e-01 5.112370984728328294e-01 2.913893395370958372e-01 7.047103468910327351e-01 5.174449002951849730e-01 4.006301825936834926e-01 1.638080880664171401e-01 3.278792108452785459e-01 4.520300498301578207e-01 6.008835967531620526e-01 4.308927271502868694e-01 4.512196892778174706e-01 3.916766637259714301e-01 2.165969618710282263e-01 1.024509378756245370e-01 3.337872164269696795e-01 5.992035381414545503e-01 6.703193503558262378e-01 4.799340550574911490e-01 4.992962476876389721e-01 5.652221487953381640e-01 5.318882393843680223e-01 4.156176254599082132e-01 5.700508706982141405e-01 3.374613712535191601e-01 4.068249377625813845e-01 3.620911956583950375e-01 3.857951368411475790e-01 4.223749437917507232e-01 2.383074036959194064e-01 5.624937583069481439e-01 4.214465124306304156e-01 -6.441717848887794362e-02 4.715499448842817021e-01 4.453045561670312957e-01 5.561125749150470643e-01 2.022683345546862355e-01 3.392391597194136521e-01 4.023848006583202741e-01 2.138833590556118436e-01 4.779255993774990108e-01 7.137088646030134154e-01 2.643536354197491556e-01 5.452977659466335947e-01 4.728155934163408292e-01 4.395693009650518679e-01 5.492852702741692072e-02 4.758062633391987872e-01 6.570433027743709520e-01 4.307797615003544078e-01 5.259961908087840143e-01 4.387700267134607146e-01 7.094871649928840007e-01 5.915728165706406472e-01 6.411765985473903973e-01 3.189240151186666927e-01 5.027839254630784849e-01 2.931317274257845273e-01 4.346706998655703869e-01 4.216566630085854528e-01 5.372681268963052093e-01 2.984673615500615385e-01
4.634671893317722779e-01 5.564516776401240428e-01 6.982769594320843431e-01 7.018995452263112611e-01 5.684495245661174145e-01 5.937327819144145868e-01 6.018456110370240530e-01 5.794348842949328393e-01 5.524550110752860510e-01 8.424381472533245541e-01 7.360814134890452110e-01 3.131991980964380362e-01 6.963524555798706883e-01 6.749416301294351994e-01 5.588451076501862458e-01 5.780155494485382794e-01 1.000000000000000000e+00 6.273390346756789748e-01 7.616535783315911967e-01 2.944736840619220919e-01 8.219972748670028029e-01 3.490773761464832092e-01 6.141886842364162602e-01 6.002018832514994795e-01 3.762815555697822667e-01 3.268023064446552439e-01 8.195490635203278584e-01 6.062855328758217643e-01 4.389602549030768297e-01 3.396056561570968135e-01 7.013136270000487338e-01 6.510476818290111822e-01 6.570308558375167474e-01 6.957210582421449185e-01 4.871184756465570254e-01 5.495047128189778363e-01 4.964225512053800915e-01 2.428726443251730815e-01 3.174156426320495772e-01 6.923537462864638448e-01 6.700194285655597382e-01 6.213678683313168527e-01 5.217480923311890173e-01 6.746046983565912036e-01 7.493913202893847103e-01 6.049083343839591898e-01 7.422120525827904380e-01 5.453465908920309690e-01 5.859920006505958678e-01 3.704849850309084869e-01 7.005028376796438305e-01 6.180327012130517605e-01 4.909823240739666361e-01 7.828403922400768433e-01 6.530073421361960451e-01 1.192792038038605756e-01 7.833245898194723944e-01 6.556021546064751959e-01 7.087556788961602017e-01 4.121236590020238566e-01 6.627493706715508193e-01 7.867258392945376544e-01 4.127048947652096067e-01 7.354791748918841909e-01 6.511334936808276241e-01 4.256267726150538833e-01 6.147894090820773538e-01 8.001031862094314384e-01 8.526093645731788184e-01 4.014909554265927993e-01 4.397805234382676787e-01 7.182228207861107716e-01 7.214994360006078411e-01 6.504471631915563767e-01 5.395864372550278620e-01 6.120610781555150259e-01 5.768248648131151235e-01 7.127010567179871137e-01 4.975573801924598194e-01 8.121664049428034549e-01 4.237546420601371877e-01 4.119403875068026188e-01 6.214198639072022745e-01 7.699632388478521161e-01 6.698765772274267727e-01
3.713927862046291772e-01 4.691587585972925023e-01 4.218603912261690292e-01 6.131253930971384269e-01 4.734663793746604066e-01 6.636172546196967836e-01 5.156752285928046797e-01 2.854074648818293314e-01 5.096144745692812172e-01 6.631257980786327000e-01 5.890220523806968256e-01 4.884065451225814147e-01 6.066925662660659357e-01 6.036119407496904898e-01 4.361302770710627774e-01 3.432973494723352004e-01 6.273390346756789748e-01 1.000000000000000000e+00 8.322250604142944486e-01 3.248778307380781327e-01 5.572963610963314052e-01 2.742754085241024264e-01 4.552655174228265045e-01 4.136901033782831028e-01 3.056441742502947201e-01 4.648396274048761656e-01 6.610244750432975325e-01 2.040816259640597097e-01 4.667810217901869341e-01 2.423568998164363497e-01 7.252923576393230931e-01 4.711037247764096603e-01 5.776206066350922930e-01 6.234344606471904360e-01 5.342261550207969556e-01 4.538136206800076344e-01 5.340012834281467891e-01 1.092096454165321640e-01 3.977718343467627760e-01 4.926169568137462873e-01 3.976139397840167122e-01 6.423845595885402382e-01 3.170534563208520229e-01 5.997392751631431818e-01 5.287447251412278337e-01 3.935204203105925336e-01 5.729242647528404175e-01 2.532173626215658557e-01 5.659917644781018442e-01 3.796706950572426575e-01 6.714063537879171317e-01 4.756622364610332276e-01 3.426608429461808769e-01 5.997720718048464850e-01 5.735533383224649118e-01 2.562690704856367963e-01 6.199432718881816573e-01 4.416462824567832790e-01 6.548624176861406188e-01 4.181520606900823167e-01 7.023845408906729260e-01 6.174686348081664944e-01 2.412347278680874729e-01 5.155402773270078010e-01 6.311117290591168327e-01 4.479972950633843709e-01 5.213903036749267805e-01 6.956706049085672472e-01 6.877013896094794632e-01 4.117288735908054553e-01 2.736783352225154453e-01 4.171106920655192063e-01 7.102371075094453534e-01 5.296950365702602914e-01 4.581973844519597883e-01 4.718396588810904180e-01 4.302071757231311078e-01 5.387265334188555688e-01 5.189711978341259302e-01 6.352004021218647933e-01 2.830343920633631716e-01 4.944388782963217710e-01 4.148682166568078977e-01 4.721585720798147090e-01 5.747609624699201447e-01
