0.000000000000000000e+00 8.489444139836160516e-03 3.260022269832760309e-03 6.226629013927773232e-04 6.044089401141617204e-04 5.154377806969092160e-03 1.378512112855453638e-03 2.290196067826311827e-03 4.867723007630832613e-03 4.006068428016180440e-03 3.233993473194734375e-03 4.597293951651341623e-03 3.089651964565680916e-03 3.380363199743633498e-07
8.489444139836160516e-03 0.000000000000000000e+00 1.459154057348537870e-01 3.692303115815975811e-02 3.197654568797490132e-02 2.414603574666476515e-01 6.191878880234408244e-02 9.671185310834537474e-02 3.368122904597362077e-01 2.367068907351681795e-01 1.512479286824493785e-01 1.592293042333640662e-01 7.085511695718635372e-02 2.085684094241821787e-04
3.260022269832760309e-03 1.459154057348537870e-01 0.000000000000000000e+00 1.513388604525224730e-02 1.289946597022170564e-02 1.016941704284475279e-01 2.848733479319952300e-02 4.487736380347650406e-02 1.299753030664626829e-01 9.517615410670184073e-02 6.771813990782425685e-02 6.513790867745994362e-02 2.737046279200422774e-02 5.983242863546231455e-05
6.226629013927773232e-04 3.692303115815975811e-02 1.513388604525224730e-02 0.000000000000000000e+00 6.856052641720037852e-03 2.705946937762781015e-02 1.158957523032104822e-02 1.298836952237496234e-02 3.648426001483303510e-02 3.478866983384162892e-02 1.844630394468103202e-02 1.626799789876623784e-02 7.102143082661374271e-03 2.298646975825670757e-05
6.044089401141617204e-04 3.197654568797490132e-02 1.289946597022170564e-02 6.856052641720037852e-03 0.000000000000000000e+00 2.338839494270622543e-02 9.754714085500203538e-03 1.022627475186443924e-02 3.130993806498545695e-02 2.861849288534957722e-02 1.574133731224617791e-02 1.456632306401529041e-02 7.294485748726787025e-03 1.893003391856434801e-05
5.154377806969092160e-03 2.414603574666476515e-01 1.016941704284475279e-01 2.705946937762781015e-02 2.338839494270622543e-02 0.000000000000000000e+00 4.704316250555225232e-02 7.099371184837584281e-02 2.083821514118763263e-01 1.649725413097284932e-01 1.047503567973357419e-01 1.040262829999506478e-01 4.200743544689415632e-02 1.149323487912835379e-04
1.378512112855453638e-03 6.191878880234408244e-02 2.848733479319952300e-02 1.158957523032104822e-02 9.754714085500203538e-03 4.704316250555225232e-02 0.000000000000000000e+00 2.293373609234070770e-02 5.501676322110753137e-02 4.746469379656027832e-02 2.890007713988821877e-02 2.792180002988241261e-02 1.340178794170360926e-02 3.346559567746197232e-05
2.290196067826311827e-03 9.671185310834537474e-02 4.487736380347650406e-02 1.298836952237496234e-02 1.022627475186443924e-02 7.099371184837584281e-02 2.293373609234070770e-02 0.000000000000000000e+00 8.545253936263928762e-02 7.132836780515046382e-02 4.445211411294875542e-02 4.519816027113217338e-02 2.030820799509982719e-02 5.340973855594940598e-05
4.867723007630832613e-03 3.368122904597362077e-01 1.299753030664626829e-01 3.648426001483303510e-02 3.130993806498545695e-02 2.083821514118763263e-01 5.501676322110753137e-02 8.545253936263928762e-02 0.000000000000000000e+00 2.511190692372751720e-01 1.403611309613550240e-01 1.349025204664089927e-01 5.042622999585567867e-02 1.963991019051051102e-04
4.006068428016180440e-03 2.367068907351681795e-01 9.517615410670184073e-02 3.478866983384162892e-02 2.861849288534957722e-02 1.649725413097284932e-01 4.746469379656027832e-02 7.132836780515046382e-02 2.511190692372751720e-01 0.000000000000000000e+00 1.165366691658818732e-01 9.762455117227615553e-02 3.720900988485806998e-02 1.531304529483866082e-04
3.233993473194734375e-03 1.512479286824493785e-01 6.771813990782425685e-02 1.844630394468103202e-02 1.574133731224617791e-02 1.047503567973357419e-01 2.890007713988821877e-02 4.445211411294875542e-02 1.403611309613550240e-01 1.165366691658818732e-01 0.000000000000000000e+00 6.164802171004461762e-02 2.675861705285062855e-02 6.997351823469321176e-05
4.597293951651341623e-03 1.592293042333640662e-01 6.513790867745994362e-02 1.626799789876623784e-02 1.456632306401529041e-02 1.040262829999506478e-01 2.792180002988241261e-02 4.519816027113217338e-02 1.349025204664089927e-01 9.762455117227615553e-02 6.164802171004461762e-02 0.000000000000000000e+00 3.368295303120548423e-02 9.397409695287300838e-05
3.089651964565680916e-03 7.085511695718635372e-02 2.737046279200422774e-02 7.102143082661374271e-03 7.294485748726787025e-03 4.200743544689415632e-02 1.340178794170360926e-02 2.030820799509982719e-02 5.042622999585567867e-02 3.720900988485806998e-02 2.675861705285062855e-02 3.368295303120548423e-02 0.000000000000000000e+00 4.800115743635959323e-05
3.380363199743633498e-07 2.085684094241821787e-04 5.983242863546231455e-05 2.298646975825670757e-05 1.893003391856434801e-05 1.149323487912835379e-04 3.346559567746197232e-05 5.340973855594940598e-05 1.963991019051051102e-04 1.531304529483866082e-04 6.997351823469321176e-05 9.397409695287300838e-05 4.800115743635959323e-05 0.000000000000000000e+00
